0	0	0	16544.6	22047.8	0	0	0	0	0	56234.5	61892.6	0	0	0	0	0	0	0	0	22033.8	27741.1	0	0	0	50627.3	56252.7	0	0	0	0	0	0	0	0	16623	22031.7	27806.1	0	0	0	50675.6	56234.1	0	0	0	0	0	0	0	11325.8	16515.9	0	0	0	0	0	0	56431	61704	0	0	0	0	0	0	0	0	22045.6	27702.8	33509.4	39324	44966.1	50593.5	56301.5	0	0	0	0	0	0	0	0	16525.4	22083.8	0	0	0	0	0	56268.7	61783.2	0	0	0	0	0	0	0	16570.9	22035.7	0	0	0	0	50780.6	56226.7	0	0	0	0	0	0	0	0	0	0	0	0	0	0	0	0	0	0	0	0	0
0	0	0	16429.2	22129.4	0	0	0	0	0	56350.3	0	0	0	0	0	0	0	0	16451.3	22029.7	0	0	0	0	50764.3	56393.3	0	0	0	0	0	0	0	0	16441.7	22042.3	0	0	0	0	50809	56370.8	0	0	0	0	0	0	0	11125.5	16432.9	0	0	0	0	0	0	56429.4	61823.7	0	0	0	0	0	0	0	16472.8	22022.1	27825.3	0	0	45161.4	50728.1	56441.1	0	0	0	0	0	0	0	0	16426.7	0	0	0	0	0	0	56360.4	0	0	0	0	0	0	0	0	16433.9	22069.7	0	0	0	0	50893.9	56355	0	0	0	0	0	0	0	0	0	0	0	0	0	0	0	0	0	0	0	0	0
0	0	0	16614	21976.3	0	0	0	0	0	56241	61780.6	0	0	0	0	0	0	0	0	21987.2	27628.7	0	0	0	50610.6	56188.3	0	0	0	0	0	0	0	0	0	21979.3	27658.4	0	0	0	50710.7	56189.6	61925.3	0	0	0	0	0	0	0	16523.2	22061.4	0	0	0	0	0	0	61725.8	67283.4	0	0	0	0	0	0	0	22007.4	27610.2	33393.5	39272.6	44931.9	50541.9	56206.8	0	0	0	0	0	0	0	0	16559.2	21986.7	0	0	0	0	0	56321.5	61738.1	0	0	0	0	0	0	0	0	21975.2	27741.9	0	0	0	0	56206.5	61835.2	0	0	0	0	0	0	0	0	0	0	0	0	0	0	0	0	0	0	0	0
0	0	0	16447.2	0	0	0	0	0	50936.8	56376.4	0	0	0	0	0	0	0	0	16458.1	22103.3	0	0	0	0	50788	56472.3	0	0	0	0	0	0	0	0	16452.3	22130.3	0	0	0	0	50813.6	56432.5	0	0	0	0	0	0	0	11059	16471.9	0	0	0	0	0	0	56389.6	61872.1	0	0	0	0	0	0	0	16471.2	22084.4	27945.9	0	0	45170.9	50772	56552.8	0	0	0	0	0	0	0	11125.2	16449.9	0	0	0	0	0	0	56364.4	0	0	0	0	0	0	0	0	16448.4	22202	0	0	0	0	50862	56398.3	0	0	0	0	0	0	0	0	0	0	0	0	0	0	0	0	0	0	0	0	0
0	0	0	16613.7	21950.6	0	0	0	0	0	56268.4	61787.8	0	0	0	0	0	0	0	0	21961.1	27606.9	0	0	0	50641.3	56195.5	62001.5	0	0	0	0	0	0	0	0	21954	27637.1	0	0	0	0	56202.6	61900.8	0	0	0	0	0	0	0	16509.9	22015.5	0	0	0	0	0	0	61749.9	67290.3	0	0	0	0	0	0	0	21979	27587.4	33389.7	0	44975.7	50554	56205.1	0	0	0	0	0	0	0	0	16549.9	21958.9	0	0	0	0	0	56363.4	61753.4	0	0	0	0	0	0	0	0	21950	27723.8	0	0	0	0	56226.3	61832.4	0	0	0	0	0	0	0	0	0	0	0	0	0	0	0	0	0	0	0	0
0	0	0	16479.4	21911.6	0	0	0	0	0	56344.3	61873.4	0	0	0	0	0	0	0	0	21907	27645.4	0	0	0	50768.5	56271	62070.4	0	0	0	0	0	0	0	0	21905.5	27738.7	0	0	0	0	56280.8	61984.8	0	0	0	0	0	0	0	16435	22014.5	0	0	0	0	0	0	61809.3	0	0	0	0	0	0	0	0	21913.3	27598.7	0	0	0	50647.1	56273.4	0	0	0	0	0	0	0	0	16454.9	21925.2	0	0	0	0	0	56425	61833.1	0	0	0	0	0	0	0	16515.3	21906.7	0	0	0	0	0	56305.1	61919.4	0	0	0	0	0	0	0	0	0	0	0	0	0	0	0	0	0	0	0	0
0	0	0	16568.3	22078.8	0	0	0	0	0	56211.2	61918.6	0	0	0	0	0	0	0	0	22064.4	27758.3	0	0	45088.9	50606.8	56250.9	0	0	0	0	0	0	0	0	16648.3	22061.6	27814.7	0	0	0	50643.9	56224.6	0	0	0	0	0	0	0	11300.2	16542.4	0	0	0	0	0	0	56380.7	61677.2	0	0	0	0	0	0	0	0	22078.6	27724.6	33503.9	39281.3	44943.4	50585.2	56315.3	0	0	0	0	0	0	0	0	16549.2	22119.5	0	0	0	0	0	56237.6	61769.4	0	0	0	0	0	0	0	16595.2	22065.6	0	0	0	0	50722.7	56209.8	0	0	0	0	0	0	0	0	0	0	0	0	0	0	0	0	0	0	0	0	0
0	0	0	16509.8	22052.6	0	0	0	0	0	56263.3	61979.4	0	0	0	0	0	0	0	16607.8	22026	27777.9	0	0	0	50662.3	56287.4	0	0	0	0	0	0	0	0	16557.5	22027.1	0	0	0	0	50710.5	56268	0	0	0	0	0	0	0	11269.5	16492.5	0	0	0	0	0	0	56422.7	61729.8	0	0	0	0	0	0	0	0	22032.5	27721.7	33576.9	0	45012.1	50627.1	56335.8	0	0	0	0	0	0	0	0	16496.7	22104.2	0	0	0	0	0	56291.2	61829.3	0	0	0	0	0	0	0	16527.5	22035.2	0	0	0	0	50812.1	56258.6	0	0	0	0	0	0	0	0	0	0	0	0	0	0	0	0	0	0	0	0	0
0	0	0	16432.5	0	0	0	0	0	50976	56372.3	0	0	0	0	0	0	0	0	16445.6	22074	0	0	0	0	50785.9	56445.7	0	0	0	0	0	0	0	0	16439.3	22095.9	0	0	0	0	50818.5	56413.9	0	0	0	0	0	0	0	11072.2	16447.8	0	0	0	0	0	0	56407.5	61858.9	0	0	0	0	0	0	0	16459.6	22058.7	27911.9	0	0	45177.7	50761.7	56509.1	0	0	0	0	0	0	0	11180.8	16433.3	0	0	0	0	0	0	56368.3	0	0	0	0	0	0	0	0	16434.6	22148	0	0	0	0	50878.4	56387.4	0	0	0	0	0	0	0	0	0	0	0	0	0	0	0	0	0	0	0	0	0
0	0	0	16492.2	21966.6	0	0	0	0	0	56299.4	61880.2	0	0	0	0	0	0	0	0	21956.4	27694	0	0	0	50697.8	56265.5	0	0	0	0	0	0	0	0	16576.4	21955.3	27791.4	0	0	0	50799.5	56263.9	0	0	0	0	0	0	0	0	16457.5	0	0	0	0	0	0	0	61770.6	0	0	0	0	0	0	0	0	21963.8	27645.9	33598.2	0	45089.5	50624.8	56284.6	0	0	0	0	0	0	0	0	16472.3	21989.5	0	0	0	0	0	56356.2	61818.2	0	0	0	0	0	0	0	16518.8	21958.3	0	0	0	0	0	56274.7	61955.3	0	0	0	0	0	0	0	0	0	0	0	0	0	0	0	0	0	0	0	0
0	0	0	16517	22050.7	0	0	0	0	0	56257.1	61954.3	0	0	0	0	0	0	0	16632.2	22027	27768.4	0	0	0	50654.7	56279.7	0	0	0	0	0	0	0	0	16569.8	22027.5	27880.9	0	0	0	50703.1	56260.5	0	0	0	0	0	0	0	11281.8	16497.3	0	0	0	0	0	0	56424.2	61724.1	0	0	0	0	0	0	0	0	22034.6	27716.8	33559.4	39439.7	45002	50619.7	56328	0	0	0	0	0	0	0	0	16502.6	22097.9	0	0	0	0	0	56286.5	61818.7	0	0	0	0	0	0	0	16536.2	22034.6	0	0	0	0	50805.9	56251.6	0	0	0	0	0	0	0	0	0	0	0	0	0	0	0	0	0	0	0	0	0
0	0	0	16471.1	22093.3	0	0	0	0	0	56303.8	0	0	0	0	0	0	0	0	16513.4	22035.3	27897.9	0	0	0	50711.4	56347.4	0	0	0	0	0	0	0	0	16494.5	22042.4	0	0	0	0	50753.4	56323.1	0	0	0	0	0	0	0	11180.4	16468.9	0	0	0	0	0	0	56406.2	61769.3	0	0	0	0	0	0	0	16564.4	22034.3	27775.9	0	0	45078.2	50680.2	56401.4	0	0	0	0	0	0	0	0	16465.1	0	0	0	0	0	0	56318.4	61928.1	0	0	0	0	0	0	0	16480.1	22059.7	0	0	0	0	50835.9	56307	0	0	0	0	0	0	0	0	0	0	0	0	0	0	0	0	0	0	0	0	0
0	0	0	16564	22123.1	0	0	0	0	50810.7	56217.6	0	0	0	0	0	0	0	0	16671.5	22092.4	27810.6	0	0	45071.9	50622.4	56292.6	0	0	0	0	0	0	0	0	16615.7	22092.7	27888.6	0	0	0	50648.2	56254.4	0	0	0	0	0	0	0	11244.5	16554.7	0	0	0	0	0	0	56328.2	61673.6	0	0	0	0	0	0	0	0	22102.8	27767.6	33549.6	39308	44964.4	50613.2	56384	0	0	0	0	0	0	0	0	16551.4	22193.1	0	0	0	0	0	56228.6	61814.8	0	0	0	0	0	0	0	16582.7	22101.8	0	0	0	0	50704.9	56227.4	0	0	0	0	0	0	0	0	0	0	0	0	0	0	0	0	0	0	0	0	0
0	0	0	16504.5	21952.5	0	0	0	0	0	56300.9	61860.9	0	0	0	0	0	0	0	0	21947	27667.5	0	0	0	50697.8	56253.9	0	0	0	0	0	0	0	0	0	21944.8	27739.3	0	0	0	50826	56255.8	62029.3	0	0	0	0	0	0	0	16461.2	0	0	0	0	0	0	0	61772.8	0	0	0	0	0	0	0	0	21955.6	27626.1	33539	0	45116.6	50615.9	56268.4	0	0	0	0	0	0	0	0	16480	21970.5	0	0	0	0	0	56366.9	61808.4	0	0	0	0	0	0	0	16539.5	21946.3	0	0	0	0	0	56271.1	61923	0	0	0	0	0	0	0	0	0	0	0	0	0	0	0	0	0	0	0	0
0	0	0	16598.9	21943.4	0	0	0	0	0	56279	61796.5	0	0	0	0	0	0	0	0	21952.2	27606.1	0	0	0	50656.5	56203.4	61999	0	0	0	0	0	0	0	0	21945.8	27638.7	0	0	0	0	56211.4	61906.3	0	0	0	0	0	0	0	16501.5	22008.3	0	0	0	0	0	0	61758.1	67312.9	0	0	0	0	0	0	0	21968.4	27584.6	33399.9	0	45006.5	50563.9	56211.2	0	0	0	0	0	0	0	0	16539.7	21952	0	0	0	0	0	56374.8	61762.4	0	0	0	0	0	0	0	0	21942.5	27741.4	0	0	0	0	56236.1	61840.2	0	0	0	0	0	0	0	0	0	0	0	0	0	0	0	0	0	0	0	0
0	0	0	16554.4	22114.8	0	0	0	0	50834.7	56225.5	0	0	0	0	0	0	0	0	16656	22083.1	27808.8	0	0	45091.9	50629.3	56293.7	0	0	0	0	0	0	0	0	16604	22083.9	27895.3	0	0	0	50657.7	56258.2	0	0	0	0	0	0	0	11242.1	16544.5	0	0	0	0	0	0	56340.2	61683.2	0	0	0	0	0	0	0	0	22092.5	27762.9	33554.7	39320.3	44971.9	50616.7	56377	0	0	0	0	0	0	0	0	16542	22184.7	0	0	0	0	0	56238.3	61820.5	0	0	0	0	0	0	0	16572.5	22093.3	0	0	0	0	50718.5	56233.6	0	0	0	0	0	0	0	0	0	0	0	0	0	0	0	0	0	0	0	0	0
0	0	0	16449.1	22028.6	0	0	0	0	0	56319.5	62036.1	0	0	0	0	0	0	0	16497.8	21989.7	27845.4	0	0	0	50728.2	56328.3	0	0	0	0	0	0	0	0	16476	21994.3	0	0	0	0	50791	56315.4	0	0	0	0	0	0	0	11242.7	16438.8	0	0	0	0	0	0	56468.3	61787.7	0	0	0	0	0	0	0	16571.2	21990.1	27731	0	0	45120.3	50677.4	56362.7	0	0	0	0	0	0	0	0	16441.1	22100.9	0	0	0	0	0	56348.8	61892.9	0	0	0	0	0	0	0	16459.6	22006.3	0	0	0	0	50954.4	56311.4	0	0	0	0	0	0	0	0	0	0	0	0	0	0	0	0	0	0	0	0	0
0	0	0	16428	0	0	0	0	0	50997.4	56370	0	0	0	0	0	0	0	0	16442.3	22062.4	0	0	0	0	50784.3	56435.2	0	0	0	0	0	0	0	0	16435.6	22082.2	0	0	0	0	50819.9	56406.1	0	0	0	0	0	0	0	11080	16440.2	0	0	0	0	0	0	56414.5	61853.5	0	0	0	0	0	0	0	16456.8	22048.6	27895.4	0	0	45179.8	50756.8	56493.5	0	0	0	0	0	0	0	0	16428.1	0	0	0	0	0	0	56369.3	0	0	0	0	0	0	0	0	16430.5	22127.9	0	0	0	0	50885.1	56382.5	0	0	0	0	0	0	0	0	0	0	0	0	0	0	0	0	0	0	0	0	0
0	0	0	16486.8	22058.3	0	0	0	0	0	56284.6	0	0	0	0	0	0	0	0	16552.2	22021.6	27813.6	0	0	0	50687.7	56312	0	0	0	0	0	0	0	0	16521.6	22025	0	0	0	0	50736.1	56292.2	0	0	0	0	0	0	0	11234.2	16475.6	0	0	0	0	0	0	56423.3	61750.5	0	0	0	0	0	0	0	0	22024.7	27737.7	33669.9	0	45047.2	50651.2	56359.4	0	0	0	0	0	0	0	0	16477	22129.3	0	0	0	0	0	56308.6	61865.6	0	0	0	0	0	0	0	16500	22036.2	0	0	0	0	50836.2	56281.7	0	0	0	0	0	0	0	0	0	0	0	0	0	0	0	0	0	0	0	0	0
0	0	0	16502.3	22115.2	0	0	0	0	50916.3	56277	0	0	0	0	0	0	0	0	16555	22060.8	27864.9	0	0	0	50683.4	56338.2	0	0	0	0	0	0	0	0	16530.9	22066.6	0	0	0	0	50716.9	56307.1	0	0	0	0	0	0	0	11189.8	16501.3	0	0	0	0	0	0	56371.1	61737.9	0	0	0	0	0	0	0	16633	22062.2	27780.6	33659	39474.6	45037.8	50662.5	56407.4	0	0	0	0	0	0	0	0	16495.4	0	0	0	0	0	0	56287.1	61911.2	0	0	0	0	0	0	0	16513.1	22082.9	0	0	0	0	50784.1	56284.9	0	0	0	0	0	0	0	0	0	0	0	0	0	0	0	0	0	0	0	0	0
0	0	0	16560.6	21941.6	0	0	0	0	0	56289	61816.7	0	0	0	0	0	0	0	0	21945.8	27620.7	0	0	0	50674.7	56220.5	62051	0	0	0	0	0	0	0	0	21941	27661.5	0	0	0	0	56227.2	61936	0	0	0	0	0	0	0	16486	22021.8	0	0	0	0	0	0	61764.9	0	0	0	0	0	0	0	0	21959	27593.8	33435.3	0	45055.1	50582.6	56229.4	0	0	0	0	0	0	0	0	16517.1	21952.4	0	0	0	0	0	56375.5	61778.1	0	0	0	0	0	0	0	0	21939.1	0	0	0	0	0	56249.7	61864.2	0	0	0	0	0	0	0	0	0	0	0	0	0	0	0	0	0	0	0	0
0	0	0	16591.1	21948.5	0	0	0	0	0	56274.7	61798.6	0	0	0	0	0	0	0	0	21956.5	27613.3	0	0	0	50652.1	56204.8	62026.4	0	0	0	0	0	0	0	0	21950.2	27647.1	0	0	0	0	56211.4	61915.8	0	0	0	0	0	0	0	16501.3	22020.1	0	0	0	0	0	0	61754.2	67328.1	0	0	0	0	0	0	0	21972.5	27591	33406	0	44997	50564.4	56214.7	0	0	0	0	0	0	0	0	16537.3	21957.9	0	0	0	0	0	56365.3	61762	0	0	0	0	0	0	0	0	21947.1	27761	0	0	0	0	56234.2	61845	0	0	0	0	0	0	0	0	0	0	0	0	0	0	0	0	0	0	0	0
0	0	0	16653.4	21985.5	0	0	0	0	0	56223.7	61759.2	0	0	0	0	0	0	0	0	22001.9	27623.6	0	0	0	50586.6	56170.2	0	0	0	0	0	0	0	0	0	21991.8	27647.9	0	0	0	50680.2	56171	61900	0	0	0	0	0	0	0	16541	22060	0	0	0	0	0	0	61713.2	67230	0	0	0	0	0	0	0	22026.9	27609.7	33372	39208.6	44899.1	50521.9	56190.1	0	0	0	0	0	0	0	0	16583.1	21994.1	0	0	0	0	0	56308	61719.1	0	0	0	0	0	0	0	0	21985.9	27710	0	0	0	0	56188.1	61812.1	0	0	0	0	0	0	0	0	0	0	0	0	0	0	0	0	0	0	0	0
0	0	0	16563.1	22162.5	0	0	0	0	50779.9	56228.4	0	0	0	0	0	0	0	0	16637.4	22114.5	27854.2	0	0	45074.2	50639.1	56333.9	0	0	0	0	0	0	0	0	16601.6	22117.8	27967.3	0	0	0	50657.4	56284.3	0	0	0	0	0	0	0	11212.2	16567	0	0	0	0	0	0	56300.7	61677.2	0	0	0	0	0	0	0	0	22121.5	27801.7	33586.8	39332.4	44984.3	50638.5	56466.3	0	0	0	0	0	0	0	0	16554.9	0	0	0	0	0	0	56227.9	61901.5	0	0	0	0	0	0	0	16577.1	22132	0	0	0	0	50701.7	56247.2	0	0	0	0	0	0	0	0	0	0	0	0	0	0	0	0	0	0	0	0	0
0	0	0	16571.1	22094.7	0	0	0	0	50867	56208.2	0	0	0	0	0	0	0	0	0	22076.6	27774	0	0	45069.4	50607	56260.5	0	0	0	0	0	0	0	0	16642.2	22074.4	27833.1	0	0	0	50639.4	56229.9	0	0	0	0	0	0	0	11282.3	16550	0	0	0	0	0	0	56357.4	61670.9	0	0	0	0	0	0	0	0	22090.4	27739.1	33514.6	39282.7	44945	50590.6	56334.1	0	0	0	0	0	0	0	0	16553.7	22141.7	0	0	0	0	0	56229.4	61776	0	0	0	0	0	0	0	16595.8	22079.5	0	0	0	0	50708.7	56210.8	0	0	0	0	0	0	0	0	0	0	0	0	0	0	0	0	0	0	0	0	0
0	0	0	16485.5	21959	0	0	0	0	0	56307.5	61883.2	0	0	0	0	0	0	0	0	21948.8	27691.9	0	0	0	50708.7	56269.2	0	0	0	0	0	0	0	0	16567	21947.9	27802.2	0	0	0	50822	56269	0	0	0	0	0	0	0	0	16451.2	0	0	0	0	0	0	0	61777.9	0	0	0	0	0	0	0	0	21955.6	27641.8	0	0	0	50630.8	56286	0	0	0	0	0	0	0	0	16466	21981.2	0	0	0	0	0	56366.2	61823.7	0	0	0	0	0	0	0	16511.4	21950.9	0	0	0	0	0	56281.4	61953.9	0	0	0	0	0	0	0	0	0	0	0	0	0	0	0	0	0	0	0	0
0	0	0	16540.6	22291.5	0	0	0	0	50796.1	56290.7	0	0	0	0	0	0	0	0	16571.2	22147.7	27998.9	0	0	45138.5	50704.4	56456.5	0	0	0	0	0	0	0	0	16556.2	22162.3	0	0	0	45291.6	50714.2	56381.8	0	0	0	0	0	0	0	11137.4	16576.1	0	0	0	0	0	0	56294.5	61742.1	0	0	0	0	0	0	0	16608.5	22142	27879.2	33710.9	39430.7	45056.5	50712.7	0	0	0	0	0	0	0	0	11214.3	16542.2	0	0	0	0	0	50928.5	56269.2	0	0	0	0	0	0	0	0	16545.4	22197.8	0	0	0	0	50743.8	56325.6	0	0	0	0	0	0	0	0	0	0	0	0	0	0	0	0	0	0	0	0	0
0	0	0	16469.4	22140.3	0	0	0	0	50953.7	56314.6	0	0	0	0	0	0	0	0	16501.6	22056.3	0	0	0	0	50724.2	56376.9	0	0	0	0	0	0	0	0	16487.3	22066.7	0	0	0	0	50759.2	56346.7	0	0	0	0	0	0	0	11145.4	16474.9	0	0	0	0	0	0	56388	61780.6	0	0	0	0	0	0	0	16536.1	22051.9	27812.3	0	0	45092.1	50700.1	56441.1	0	0	0	0	0	0	0	0	16466	0	0	0	0	0	0	56320.4	0	0	0	0	0	0	0	0	16476.1	22090.8	0	0	0	0	50826.6	56324.1	0	0	0	0	0	0	0	0	0	0	0	0	0	0	0	0	0	0	0	0	0
0	0	0	16431	22052.6	0	0	0	0	0	56338.1	0	0	0	0	0	0	0	0	16463.7	21996.8	0	0	0	0	50751.2	56356.2	0	0	0	0	0	0	0	0	16449.6	22004.3	0	0	0	0	50809.5	56341.1	0	0	0	0	0	0	0	11188.1	16426.4	0	0	0	0	0	0	56459.1	61807.7	0	0	0	0	0	0	0	16498.3	21994	27764.9	0	0	45158.7	50703.1	56392.9	0	0	0	0	0	0	0	0	16425.7	0	0	0	0	0	0	56360.8	61938.2	0	0	0	0	0	0	0	16438.3	22021.1	0	0	0	0	50938	56334	0	0	0	0	0	0	0	0	0	0	0	0	0	0	0	0	0	0	0	0	0
0	0	0	16480.7	22130.5	0	0	0	0	50938.9	56301.6	0	0	0	0	0	0	0	0	16518.6	22057.9	27936.6	0	0	0	50710.2	56364.2	0	0	0	0	0	0	0	0	16501.6	22066.8	0	0	0	0	50744.5	56333.5	0	0	0	0	0	0	0	11160	16484.3	0	0	0	0	0	0	56381.2	61765.4	0	0	0	0	0	0	0	16562	22055.5	27800.9	0	0	45072.9	50687.4	56430.6	0	0	0	0	0	0	0	0	16476.2	0	0	0	0	0	0	56308.7	61995.1	0	0	0	0	0	0	0	16488.5	22088	0	0	0	0	50811.5	56310.8	0	0	0	0	0	0	0	0	0	0	0	0	0	0	0	0	0	0	0	0	0
0	0	0	16533	21929.8	0	0	0	0	0	56308.6	61835	0	0	0	0	0	0	0	0	21931	27624.7	0	0	0	50705.3	56237	62048.3	0	0	0	0	0	0	0	0	21927.3	27674.4	0	0	0	0	56245.1	61950	0	0	0	0	0	0	0	16468.9	22013.7	0	0	0	0	0	0	61780.4	0	0	0	0	0	0	0	0	21941.5	27592.6	33476.3	0	0	50603.5	56243.1	0	0	0	0	0	0	0	0	16496.4	21941.3	0	0	0	0	0	56394.2	61796.4	0	0	0	0	0	0	0	16608	21926.6	0	0	0	0	0	56268.7	61881.5	0	0	0	0	0	0	0	0	0	0	0	0	0	0	0	0	0	0	0	0
0	0	0	16484.5	22092	0	0	0	0	0	56290.3	0	0	0	0	0	0	0	0	16534.5	22040.5	27863.5	0	0	0	50696.3	56335.9	0	0	0	0	0	0	0	0	16511.9	22046.3	0	0	0	0	50736.7	56310.5	0	0	0	0	0	0	0	11193.7	16480.8	0	0	0	0	0	0	56397.5	61754.3	0	0	0	0	0	0	0	16604.7	22041.2	27768.6	0	0	45056.7	50667.5	56392.9	0	0	0	0	0	0	0	0	16477.4	0	0	0	0	0	0	56305.5	61905.3	0	0	0	0	0	0	0	16495	22061.8	0	0	0	0	50816.6	56293.7	0	0	0	0	0	0	0	0	0	0	0	0	0	0	0	0	0	0	0	0	0
0	0	0	16441.8	21999.5	0	0	0	0	0	56327.9	61981.7	0	0	0	0	0	0	0	16496.2	21968.4	27813.5	0	0	0	50738.7	56320.7	0	0	0	0	0	0	0	0	16471.4	21971.9	0	0	0	0	50816.2	56312.7	0	0	0	0	0	0	0	0	16427.9	0	0	0	0	0	0	56504.2	61796.4	0	0	0	0	0	0	0	0	21969.6	27707.7	0	0	45169.4	50676.8	56347.3	0	0	0	0	0	0	0	0	16432.7	22051	0	0	0	0	0	56364.8	61883	0	0	0	0	0	0	0	16453.4	21981.5	0	0	0	0	0	56314.4	0	0	0	0	0	0	0	0	0	0	0	0	0	0	0	0	0	0	0	0	0
0	0	0	16516.6	22184.4	0	0	0	0	50839.8	56281.1	0	0	0	0	0	0	0	0	16557.1	22100.2	27929	0	0	45166.6	50691.5	56382	0	0	0	0	0	0	0	0	16538.5	22109.8	0	0	0	0	50713.3	56336.4	0	0	0	0	0	0	0	11157.7	16529.8	0	0	0	0	0	0	56331.8	61737	0	0	0	0	0	0	0	16606	22098.4	27827.5	33685.9	39436.3	45045	50684.4	56489	0	0	0	0	0	0	0	0	16513.5	0	0	0	0	0	0	56276.7	0	0	0	0	0	0	0	0	16524.5	22133.9	0	0	0	0	50760.4	56300.7	0	0	0	0	0	0	0	0	0	0	0	0	0	0	0	0	0	0	0	0	0
0	0	0	16476.2	22001.7	0	0	0	0	0	56298.3	61933	0	0	0	0	0	0	0	16572.3	21979.7	27754.3	0	0	0	50700	56290.9	0	0	0	0	0	0	0	0	16522.2	21980.9	0	0	0	0	50772.4	56282	0	0	0	0	0	0	0	0	16454.9	0	0	0	0	0	0	56501.3	61767.6	0	0	0	0	0	0	0	0	21984.5	27689.1	0	0	45076.2	50643.3	56320.4	0	0	0	0	0	0	0	0	16462.8	22040.3	0	0	0	0	0	56338.8	61843.1	0	0	0	0	0	0	0	16493.3	21987.7	0	0	0	0	0	56283.6	0	0	0	0	0	0	0	0	0	0	0	0	0	0	0	0	0	0	0	0	0
0	0	0	16552.5	22143.6	0	0	0	0	50805.6	56233.5	0	0	0	0	0	0	0	0	16628.9	22099.2	27842.3	0	0	45091.2	50641.6	56322.7	0	0	0	0	0	0	0	0	16592.1	22102.2	27964.5	0	0	0	50664.3	56279.8	0	0	0	0	0	0	0	11215.6	16552.2	0	0	0	0	0	0	56319.2	61686.3	0	0	0	0	0	0	0	0	22106.1	27788.5	33583.8	39338.9	44986.8	50635.4	56426.3	0	0	0	0	0	0	0	0	16543.5	22257.8	0	0	0	0	0	56237.9	61870.1	0	0	0	0	0	0	0	16567.1	22115.4	0	0	0	0	50715.2	56248	0	0	0	0	0	0	0	0	0	0	0	0	0	0	0	0	0	0	0	0	0
0	0	0	16451.9	22144.5	0	0	0	0	51000.8	56331.8	0	0	0	0	0	0	0	0	16478.3	22048	0	0	0	0	50743.1	56388.3	0	0	0	0	0	0	0	0	16466.6	22060	0	0	0	0	50781	56360.8	0	0	0	0	0	0	0	11131.3	16457.6	0	0	0	0	0	0	56403.6	61801.7	0	0	0	0	0	0	0	16505.1	22041.6	27822.6	0	0	45120.8	50714.9	56446.2	0	0	0	0	0	0	0	0	16449.2	0	0	0	0	0	0	56338.3	0	0	0	0	0	0	0	0	16457.3	22086.8	0	0	0	0	50853	56340.2	0	0	0	0	0	0	0	0	0	0	0	0	0	0	0	0	0	0	0	0	0
0	0	0	16491.1	21968.7	0	0	0	0	0	56299	61882.8	0	0	0	0	0	0	0	0	21958	27697.6	0	0	0	50697.5	56266.8	0	0	0	0	0	0	0	0	16571	21956.9	27799.6	0	0	0	50796.5	56264.8	0	0	0	0	0	0	0	0	16457.4	0	0	0	0	0	0	0	61770.1	0	0	0	0	0	0	0	0	21965.2	27648.6	0	0	45086.9	50625.7	56286.7	0	0	0	0	0	0	0	0	16471.7	21992.4	0	0	0	0	0	56354.7	61819.3	0	0	0	0	0	0	0	16516.9	21960.1	0	0	0	0	0	56275	61960.1	0	0	0	0	0	0	0	0	0	0	0	0	0	0	0	0	0	0	0	0
0	0	0	16428.1	21962.8	0	0	0	0	0	56346.8	61955.4	0	0	0	0	0	0	0	16487	21939	27787.3	0	0	0	50765.9	56318.7	0	0	0	0	0	0	0	0	16459.5	21941.5	0	0	0	0	50880.8	56317.1	0	0	0	0	0	0	0	0	16411.1	0	0	0	0	0	0	56563.1	61814.1	0	0	0	0	0	0	0	0	21940.4	27680.9	0	0	0	50685.2	56335.4	0	0	0	0	0	0	0	0	16418.1	21999.5	0	0	0	0	0	56393.5	61882	0	0	0	0	0	0	0	16440.3	21949	0	0	0	0	0	56326.1	62046.7	0	0	0	0	0	0	0	0	0	0	0	0	0	0	0	0	0	0	0	0
0	0	0	16511.9	21991.6	0	0	0	0	0	56275.1	61874.3	0	0	0	0	0	0	0	0	21981.2	27704.4	0	0	0	50667.8	56256.1	0	0	0	0	0	0	0	0	16600.3	21979.5	27781.9	0	0	0	50745.3	56249.7	0	0	0	0	0	0	0	0	16477.2	0	0	0	0	0	0	56564.1	61747.6	0	0	0	0	0	0	0	0	21990.3	27661.2	33527.3	0	45022.8	50609	56283.4	0	0	0	0	0	0	0	0	16491.4	22017.4	0	0	0	0	0	56325.4	61802.5	0	0	0	0	0	0	0	16539.8	21982.5	0	0	0	0	0	56255.3	61970.1	0	0	0	0	0	0	0	0	0	0	0	0	0	0	0	0	0	0	0	0
0	0	0	16497.8	21961.1	0	0	0	0	0	56299.1	61871.2	0	0	0	0	0	0	0	0	21953	27682.7	0	0	0	50696.5	56260.1	0	0	0	0	0	0	0	0	16603.7	21951.4	27766.2	0	0	0	50806.3	56259.8	0	0	0	0	0	0	0	0	16459.6	0	0	0	0	0	0	0	61770.7	0	0	0	0	0	0	0	0	21961	27637.8	33563.3	0	45092.1	50620.3	56277.4	0	0	0	0	0	0	0	0	16476	21981.9	0	0	0	0	0	56359.5	61813.2	0	0	0	0	0	0	0	16527.5	21953.7	0	0	0	0	0	56272.4	61940.5	0	0	0	0	0	0	0	0	0	0	0	0	0	0	0	0	0	0	0	0
0	0	0	16561.2	22206.7	0	0	0	0	50769.9	56246.1	0	0	0	0	0	0	0	0	16614.9	22134.7	27901.4	0	0	45087.2	50660.4	56384.1	0	0	0	0	0	0	0	0	16589.5	22141.7	0	0	0	45233.4	50672.9	56321.1	0	0	0	0	0	0	0	11183.9	16579.1	0	0	0	0	0	0	56284.7	61690	0	0	0	0	0	0	0	16694.7	22137.5	27835.3	33627.3	39361.8	45008.1	50667	0	0	0	0	0	0	0	0	11338.5	16557.3	0	0	0	0	0	0	56234.9	0	0	0	0	0	0	0	0	16571.2	22162.6	0	0	0	0	50707.8	56273.4	0	0	0	0	0	0	0	0	0	0	0	0	0	0	0	0	0	0	0	0	0
0	0	0	16483.8	22032.6	0	0	0	0	0	56287.5	61975.1	0	0	0	0	0	0	0	16562.2	22003.8	27784.1	0	0	0	50689.1	56299.4	0	0	0	0	0	0	0	0	16524.1	22006	0	0	0	0	50746.3	56284.5	0	0	0	0	0	0	0	11275.8	16467.6	0	0	0	0	0	0	56453.3	61755.2	0	0	0	0	0	0	0	0	22008	27715.1	0	0	45051.9	50644.5	56338.7	0	0	0	0	0	0	0	0	16472.2	22084.7	0	0	0	0	0	56318.9	61850.1	0	0	0	0	0	0	0	16499	22014.8	0	0	0	0	50877.9	56279.4	0	0	0	0	0	0	0	0	0	0	0	0	0	0	0	0	0	0	0	0	0
0	0	0	16510.9	22051.6	0	0	0	0	0	56262.4	61972.5	0	0	0	0	0	0	0	16611.9	22025.7	27775.6	0	0	0	50661.1	56285.8	0	0	0	0	0	0	0	0	16559.6	22026.7	0	0	0	0	50709.5	56266.5	0	0	0	0	0	0	0	11272.5	16493	0	0	0	0	0	0	56423.8	61729	0	0	0	0	0	0	0	0	22032.4	27720.3	33573.5	0	45010.5	50625.7	56333.9	0	0	0	0	0	0	0	0	16497.5	22102.1	0	0	0	0	0	56290.7	61827.2	0	0	0	0	0	0	0	16528.9	22034.5	0	0	0	0	50811.9	56257.4	0	0	0	0	0	0	0	0	0	0	0	0	0	0	0	0	0	0	0	0	0
0	0	0	16469.4	0	0	0	0	0	50900.5	56357	0	0	0	0	0	0	0	0	16483.5	22113.5	0	0	0	45319.2	50767.6	56467.3	0	0	0	0	0	0	0	0	16476.2	22137.4	0	0	0	0	50789.2	56421.1	0	0	0	0	0	0	0	11076	16497.6	0	0	0	0	0	0	56366.8	61842.2	0	0	0	0	0	0	0	16500.4	22097.5	27919.1	0	0	45139.2	50757.5	56567.9	0	0	0	0	0	0	0	11143.6	16472.2	0	0	0	0	0	0	56342.4	0	0	0	0	0	0	0	0	16471.1	22196.6	0	0	0	0	50832.5	56382	0	0	0	0	0	0	0	0	0	0	0	0	0	0	0	0	0	0	0	0	0
0	0	0	16447.3	0	0	0	0	0	50956.3	56351.5	0	0	0	0	0	0	0	0	16465.4	22070.7	0	0	0	0	50763.8	56425	0	0	0	0	0	0	0	0	16457	22088.4	0	0	0	0	50795.9	56392.3	0	0	0	0	0	0	0	11095.1	16460.7	0	0	0	0	0	0	56395.6	61828.5	0	0	0	0	0	0	0	16484.2	22059.3	27872.9	0	0	45144.7	50741.2	56491.6	0	0	0	0	0	0	0	0	16447	0	0	0	0	0	0	56349.4	0	0	0	0	0	0	0	0	16450.6	22128.3	0	0	0	0	50856	56365.8	0	0	0	0	0	0	0	0	0	0	0	0	0	0	0	0	0	0	0	0	0
0	0	0	16437.8	21953.4	0	0	0	0	0	56342.3	61934.7	0	0	0	0	0	0	0	16516.2	21934.2	27749.4	0	0	0	50759.9	56307.3	0	0	0	0	0	0	0	0	16476.8	21935.8	0	0	0	0	50891.8	56307.4	0	0	0	0	0	0	0	0	16416.9	0	0	0	0	0	0	56592.1	61809.5	0	0	0	0	0	0	0	0	21936.8	27664.5	0	0	0	50675	56322	0	0	0	0	0	0	0	0	16425.8	21983.5	0	0	0	0	0	56394	61868.6	0	0	0	0	0	0	0	16452.5	21941.7	0	0	0	0	0	56318.8	62012.3	0	0	0	0	0	0	0	0	0	0	0	0	0	0	0	0	0	0	0	0
0	0	0	16532.3	22114.9	0	0	0	0	50865.3	56247.2	0	0	0	0	0	0	0	0	16607.4	22073.9	27828.6	0	0	45140.9	50652	56313.5	0	0	0	0	0	0	0	0	16571.4	22076.9	0	0	0	0	50682.3	56279.5	0	0	0	0	0	0	0	11219	16527	0	0	0	0	0	0	56351.6	61705.5	0	0	0	0	0	0	0	0	22079.6	27769.9	33589.1	39365.2	44998.7	50636.3	56391.4	0	0	0	0	0	0	0	0	16522.5	22208.2	0	0	0	0	0	56258.5	61858.1	0	0	0	0	0	0	0	16546.8	22089.2	0	0	0	0	50745.1	56255.5	0	0	0	0	0	0	0	0	0	0	0	0	0	0	0	0	0	0	0	0	0
0	0	0	16451.6	0	0	0	0	0	50931.9	56365.4	0	0	0	0	0	0	0	0	16464.9	22096.6	0	0	0	0	50777.1	56458.1	0	0	0	0	0	0	0	0	16458.2	22120.1	0	0	0	0	50803.4	56419	0	0	0	0	0	0	0	11071.4	16473.7	0	0	0	0	0	0	56385.8	61852.6	0	0	0	0	0	0	0	16480.1	22080.4	27918.9	0	0	45156.7	50760.7	56537.6	0	0	0	0	0	0	0	11149.5	16453.5	0	0	0	0	0	0	56355.4	0	0	0	0	0	0	0	0	16453.4	22177.9	0	0	0	0	50853.4	56385.9	0	0	0	0	0	0	0	0	0	0	0	0	0	0	0	0	0	0	0	0	0
0	0	0	16540.8	21993.2	0	0	0	0	0	56256.8	61842.2	0	0	0	0	0	0	0	0	21989.2	27683.8	0	0	0	50642.7	56233.7	0	0	0	0	0	0	0	0	0	21985.6	27737.4	0	0	0	50719.6	56227.8	0	0	0	0	0	0	0	0	16495.4	0	0	0	0	0	0	0	61732.4	0	0	0	0	0	0	0	0	22001.7	27650.4	33476.6	0	44983.8	50585.4	56261.3	0	0	0	0	0	0	0	0	16514.1	22014.3	0	0	0	0	0	56312.2	61777	0	0	0	0	0	0	0	16579.7	21986.5	0	0	0	0	0	56234.7	61926.4	0	0	0	0	0	0	0	0	0	0	0	0	0	0	0	0	0	0	0	0
0	0	0	16509.1	22244.6	0	0	0	0	50842.5	56303.3	0	0	0	0	0	0	0	0	16538.3	22114.4	0	0	0	45188.3	50714.7	56421.3	0	0	0	0	0	0	0	0	16524.5	22128.5	0	0	0	0	50733.1	56369.7	0	0	0	0	0	0	0	11129.3	16531.9	0	0	0	0	0	0	56330.2	61763.1	0	0	0	0	0	0	0	16571.7	22108	27860.4	33766.7	39482.3	45071.5	50710.7	56553.1	0	0	0	0	0	0	0	11234.2	16509	0	0	0	0	0	0	56291.7	0	0	0	0	0	0	0	0	16514.3	22161.8	0	0	0	0	50774.3	56328.2	0	0	0	0	0	0	0	0	0	0	0	0	0	0	0	0	0	0	0	0	0
0	0	0	16567	22083	0	0	0	0	0	56212.1	61945.1	0	0	0	0	0	0	0	0	22066.9	27763.9	0	0	45086.9	50608.7	56255.2	0	0	0	0	0	0	0	0	16642.3	22064.4	27822.4	0	0	0	50644.7	56227.8	0	0	0	0	0	0	0	11292.6	16542.9	0	0	0	0	0	0	56374.3	61677	0	0	0	0	0	0	0	0	22080.6	27729.1	33509.2	39285	44946.1	50588.3	56321.8	0	0	0	0	0	0	0	0	16548.7	22126	0	0	0	0	0	56236.8	61773.6	0	0	0	0	0	0	0	16592.7	22069	0	0	0	0	50720.8	56211.8	0	0	0	0	0	0	0	0	0	0	0	0	0	0	0	0	0	0	0	0	0
0	0	0	16511.7	21993.9	0	0	0	0	0	56274.3	61876.4	0	0	0	0	0	0	0	0	21983	27707.3	0	0	0	50667.1	56257.1	0	0	0	0	0	0	0	0	16597	21981.4	27786.1	0	0	0	50743	56250.1	0	0	0	0	0	0	0	0	16477.7	0	0	0	0	0	0	56551.1	61746.6	0	0	0	0	0	0	0	0	21992	27663.6	33529	0	45021.6	50609.4	56285.2	0	0	0	0	0	0	0	0	16491.5	22020.5	0	0	0	0	0	56323.6	61803	0	0	0	0	0	0	0	16539	21984.6	0	0	0	0	0	56255.1	61976.2	0	0	0	0	0	0	0	0	0	0	0	0	0	0	0	0	0	0	0	0
0	0	0	16423.1	22147.3	0	0	0	0	0	56358.4	0	0	0	0	0	0	0	0	16442.5	22031.4	0	0	0	0	50773.5	56402.6	0	0	0	0	0	0	0	0	16434	22045.4	0	0	0	0	50817.9	56380	0	0	0	0	0	0	0	11114.3	16427.8	0	0	0	0	0	0	56432.1	61834	0	0	0	0	0	0	0	16461.1	22022.4	27839.7	0	0	45176.7	50737.1	56450.1	0	0	0	0	0	0	0	0	16421.2	0	0	0	0	0	0	56367.2	0	0	0	0	0	0	0	0	16427.2	22075.7	0	0	0	0	50901.6	56363.8	0	0	0	0	0	0	0	0	0	0	0	0	0	0	0	0	0	0	0	0	0
0	0	0	16451.7	21970.5	0	0	0	0	0	56325.9	61932.2	0	0	0	0	0	0	0	16537.2	21950.4	27748.9	0	0	0	50735.8	56300.5	0	0	0	0	0	0	0	0	16493.5	21951.8	0	0	0	0	50835.3	56297.5	0	0	0	0	0	0	0	0	16430.3	0	0	0	0	0	0	56557.1	61794.3	0	0	0	0	0	0	0	0	21953.7	27672.6	0	0	0	50662.2	56320.2	0	0	0	0	0	0	0	0	16439.1	22003.5	0	0	0	0	0	56373.6	61858.9	0	0	0	0	0	0	0	16467.4	21958.1	0	0	0	0	0	56305.5	62025.8	0	0	0	0	0	0	0	0	0	0	0	0	0	0	0	0	0	0	0	0
0	0	0	16480.2	22243	0	0	0	0	50891.3	56324.6	0	0	0	0	0	0	0	0	16504.4	22092.6	0	0	0	45281.9	50735.4	56419	0	0	0	0	0	0	0	0	16493.1	22108.1	0	0	0	0	50760.3	56377.7	0	0	0	0	0	0	0	11113.9	16497.9	0	0	0	0	0	0	56361.1	61792.6	0	0	0	0	0	0	0	16530.5	22083.9	27860.8	0	0	45100.5	50722.5	56508	0	0	0	0	0	0	0	11240.6	16479.9	0	0	0	0	0	0	56318	0	0	0	0	0	0	0	0	16484.6	22143.7	0	0	0	0	50810.2	56344	0	0	0	0	0	0	0	0	0	0	0	0	0	0	0	0	0	0	0	0	0
0	0	0	16422	0	0	0	0	0	51021.7	56372.6	0	0	0	0	0	0	0	0	16436.2	22054.9	0	0	0	0	50787.7	56432.2	0	0	0	0	0	0	0	0	16429.7	22074.2	0	0	0	0	50825.6	56405	0	0	0	0	0	0	0	11081.5	16432.6	0	0	0	0	0	0	56421.9	61856	0	0	0	0	0	0	0	16450.3	22041.4	27892.7	0	0	45189.2	50757.5	56486.6	0	0	0	0	0	0	0	0	16421.9	0	0	0	0	0	0	56373.8	0	0	0	0	0	0	0	0	16424.6	22118.1	0	0	0	0	50895	56383.4	0	0	0	0	0	0	0	0	0	0	0	0	0	0	0	0	0	0	0	0	0
0	0	0	16495.7	21962.4	0	0	0	0	0	56299.6	61874.1	0	0	0	0	0	0	0	0	21953.7	27686	0	0	0	50697.3	56261.9	0	0	0	0	0	0	0	0	16593.1	21952.3	27773.7	0	0	0	50805	56261.3	0	0	0	0	0	0	0	0	16458.6	0	0	0	0	0	0	0	61771	0	0	0	0	0	0	0	0	21961.5	27640.1	33573.9	0	45092.8	50622	56279.7	0	0	0	0	0	0	0	0	16474.6	21983.8	0	0	0	0	0	56358.9	61815	0	0	0	0	0	0	0	16524.4	21954.8	0	0	0	0	0	56273.4	61944.9	0	0	0	0	0	0	0	0	0	0	0	0	0	0	0	0	0	0	0	0
0	0	0	16489.7	22131.9	0	0	0	0	50917.9	56293.1	0	0	0	0	0	0	0	0	16531.1	22063.1	27911.6	0	0	0	50701.3	56359.3	0	0	0	0	0	0	0	0	16512.5	22071.3	0	0	0	0	50733.9	56327	0	0	0	0	0	0	0	11166.4	16493.1	0	0	0	0	0	0	56372.9	61755.3	0	0	0	0	0	0	0	16580.6	22061.7	27798.5	0	0	45060.5	50680.7	56429.4	0	0	0	0	0	0	0	0	16484.8	0	0	0	0	0	0	56299.7	61978.7	0	0	0	0	0	0	0	16498.2	22091.5	0	0	0	0	50798.4	56303.1	0	0	0	0	0	0	0	0	0	0	0	0	0	0	0	0	0	0	0	0	0
0	0	0	16487.6	21945	0	0	0	0	0	56314.7	61874.5	0	0	0	0	0	0	0	0	21937.5	27674.1	0	0	0	50718.1	56265.5	0	0	0	0	0	0	0	0	16599.5	21936.1	27767.4	0	0	0	50875.2	56268.4	62036.1	0	0	0	0	0	0	0	16448.9	0	0	0	0	0	0	0	61784.6	0	0	0	0	0	0	0	0	21944.6	27627	0	0	0	50630.6	56278	0	0	0	0	0	0	0	0	16465.9	21963.8	0	0	0	0	0	56380.2	61822.1	0	0	0	0	0	0	0	16517.4	21938.3	0	0	0	0	0	56284.4	61935.4	0	0	0	0	0	0	0	0	0	0	0	0	0	0	0	0	0	0	0	0
0	0	0	16571.7	22119	0	0	0	0	50807.1	56209.5	0	0	0	0	0	0	0	0	16701.4	22093	27800.4	0	0	45059.1	50613.2	56281.5	0	0	0	0	0	0	0	0	16629.9	22092.2	27867.9	0	0	0	50639.5	56244	0	0	0	0	0	0	0	11256.7	16559	0	0	0	0	0	0	56328.9	61666.5	0	0	0	0	0	0	0	0	22105.2	27761.7	33536.1	39293.4	44953.8	50603.9	56371.5	0	0	0	0	0	0	0	0	16557.5	22180.3	0	0	0	0	0	56222.5	61797.1	0	0	0	0	0	0	0	16592.5	22099.8	0	0	0	0	50697.4	56218.1	0	0	0	0	0	0	0	0	0	0	0	0	0	0	0	0	0	0	0	0	0
0	0	0	16472.5	0	0	0	0	0	50896.5	56348.9	0	0	0	0	0	0	0	0	16488.7	22109	0	0	0	45305.5	50759.7	56456.3	0	0	0	0	0	0	0	0	16480.5	22130.6	0	0	0	0	50781.8	56411	0	0	0	0	0	0	0	11084.8	16498.4	0	0	0	0	0	0	56364.2	61828.7	0	0	0	0	0	0	0	16507.4	22094.9	27904.2	0	0	45129.4	50749.3	56555.2	0	0	0	0	0	0	0	11160.4	16474.6	0	0	0	0	0	0	56335.9	0	0	0	0	0	0	0	0	16474.7	22182.6	0	0	0	0	50826.2	56372.8	0	0	0	0	0	0	0	0	0	0	0	0	0	0	0	0	0	0	0	0	0
0	0	0	16619.8	22026.9	0	0	0	0	0	56197.4	61777.9	0	0	0	0	0	0	0	0	22036.7	27674	0	0	0	50572	56184.3	0	0	0	0	0	0	0	0	0	22027.8	27703.5	0	0	0	50631.3	56173.6	0	0	0	0	0	0	0	0	16549.9	0	0	0	0	0	0	0	61681.5	0	0	0	0	0	0	0	0	22060.6	27656.9	33412.2	39207.6	44892.8	50530.6	56222.4	0	0	0	0	0	0	0	0	16577.5	22042.8	0	0	0	0	0	56254.5	61714.7	0	0	0	0	0	0	0	16707.8	22024	27786.5	0	0	0	50796.6	56176.9	61864.5	0	0	0	0	0	0	0	0	0	0	0	0	0	0	0	0	0	0	0	0
0	0	0	16413.8	22114.6	0	0	0	0	0	56362.6	0	0	0	0	0	0	0	0	16433.4	22015.8	0	0	0	0	50779.4	56396	0	0	0	0	0	0	0	0	16425	22028.5	0	0	0	0	50829.8	56377	0	0	0	0	0	0	0	11125.1	16416	0	0	0	0	0	0	56448.1	61837.7	0	0	0	0	0	0	0	16451.9	22007.7	27826.6	0	0	45199.9	50737	56437.4	0	0	0	0	0	0	0	0	16411.4	0	0	0	0	0	0	56375.7	62040.6	0	0	0	0	0	0	0	16418.1	22055.6	0	0	0	0	50927.9	56364.5	0	0	0	0	0	0	0	0	0	0	0	0	0	0	0	0	0	0	0	0	0
0	0	0	16639	22013.1	0	0	0	0	0	56200.8	61761.5	0	0	0	0	0	0	0	0	22027.6	27652.7	0	0	0	50569	56172	0	0	0	0	0	0	0	0	0	22017.5	27678.4	0	0	0	50637.9	56165.8	0	0	0	0	0	0	0	0	16551.2	22122.8	0	0	0	0	0	0	61689.1	67237.4	0	0	0	0	0	0	0	22053.7	27638.4	33390.5	39194	44884.9	50520.3	56203.2	0	0	0	0	0	0	0	0	16585.6	22025.1	0	0	0	0	0	56268.4	61709.1	0	0	0	0	0	0	0	0	22012.1	27746.1	0	0	0	0	56174.4	61830.7	0	0	0	0	0	0	0	0	0	0	0	0	0	0	0	0	0	0	0	0
0	0	0	16419.6	22049	0	0	0	0	0	56349	0	0	0	0	0	0	0	0	16448.3	21990.3	0	0	0	0	50764.8	56363.6	0	0	0	0	0	0	0	0	16436	21998.4	0	0	0	0	50826.5	56349.9	0	0	0	0	0	0	0	11183.4	16415.6	0	0	0	0	0	0	56469.2	61819.6	0	0	0	0	0	0	0	16477.1	21986.5	27770.3	0	0	45197.3	50713.3	56397.5	0	0	0	0	0	0	0	0	16414.9	0	0	0	0	0	0	56372.2	61949.9	0	0	0	0	0	0	0	16426.1	22016	0	0	0	0	50972.9	56344	0	0	0	0	0	0	0	0	0	0	0	0	0	0	0	0	0	0	0	0	0
0	0	0	16515.4	22063	0	0	0	0	0	56258.1	0	0	0	0	0	0	0	0	16611.1	22034.9	27784.6	0	0	0	50657.6	56289.1	0	0	0	0	0	0	0	0	16562.4	22036.1	0	0	0	0	50702.2	56267.3	0	0	0	0	0	0	0	11259.6	16499.4	0	0	0	0	0	0	56408.5	61723.5	0	0	0	0	0	0	0	0	22041.6	27729.2	33573.7	39418.8	45005.8	50626.2	56341.8	0	0	0	0	0	0	0	0	16502.5	22118.4	0	0	0	0	0	56283.3	61829.4	0	0	0	0	0	0	0	16532.8	22044.6	0	0	0	0	50794.4	56255.5	0	0	0	0	0	0	0	0	0	0	0	0	0	0	0	0	0	0	0	0	0
0	0	0	16414.3	22098.3	0	0	0	0	0	56359.9	0	0	0	0	0	0	0	0	16435.4	22010.2	0	0	0	0	50776.7	56389.4	0	0	0	0	0	0	0	0	16426.4	22021.9	0	0	0	0	50829.2	56371.6	0	0	0	0	0	0	0	11135.2	16415.3	0	0	0	0	0	0	56452	61833.9	0	0	0	0	0	0	0	16455.3	22003	27814.8	0	0	45199.6	50732.5	56429.2	0	0	0	0	0	0	0	0	16411.5	0	0	0	0	0	0	56375	62013.1	0	0	0	0	0	0	0	16419	22046.8	0	0	0	0	50933.8	56360.5	0	0	0	0	0	0	0	0	0	0	0	0	0	0	0	0	0	0	0	0	0
0	0	0	16562.9	22212.7	0	0	0	0	50766.7	56246.7	0	0	0	0	0	0	0	0	16615.6	22138.3	27906	0	0	45086.1	50661.6	56390.4	0	0	0	0	0	0	0	0	16590.6	22145.6	0	0	0	45221.3	50673.1	56324.7	0	0	0	0	0	0	0	11182.4	16582.6	0	0	0	0	0	0	56281.4	61689.7	0	0	0	0	0	0	0	16692.1	22140.9	27839.2	33629.9	39362.7	45009.3	50669.4	0	0	0	0	0	0	0	0	11320.3	16559.5	0	0	0	0	0	50956.4	56234.1	0	0	0	0	0	0	0	0	16572.7	22167.1	0	0	0	0	50706.6	56275.3	0	0	0	0	0	0	0	0	0	0	0	0	0	0	0	0	0	0	0	0	0
0	0	0	16448.7	21968.2	0	0	0	0	0	56329	61933.9	0	0	0	0	0	0	0	16531.2	21947.9	27750.7	0	0	0	50740.1	56302.3	0	0	0	0	0	0	0	0	16489.4	21949.4	0	0	0	0	50842.9	56299.8	0	0	0	0	0	0	0	0	16427.6	0	0	0	0	0	0	56560.9	61797.2	0	0	0	0	0	0	0	0	21951	27672.2	0	0	0	50665	56321.3	0	0	0	0	0	0	0	0	16436.3	22001	0	0	0	0	0	56377.1	61861.4	0	0	0	0	0	0	0	16464	21955.7	0	0	0	0	0	56308.2	62025.3	0	0	0	0	0	0	0	0	0	0	0	0	0	0	0	0	0	0	0	0
0	0	0	16453.4	22046.5	0	0	0	0	0	56315.8	0	0	0	0	0	0	0	0	16499.1	22002.1	27866.1	0	0	0	50724	56334.2	0	0	0	0	0	0	0	0	16478.8	22007.5	0	0	0	0	50780.1	56318.3	0	0	0	0	0	0	0	11216.5	16445.4	0	0	0	0	0	0	56449.8	61783.6	0	0	0	0	0	0	0	16559.8	22002	27744.9	0	0	45106.8	50679	56373.4	0	0	0	0	0	0	0	0	16446	22140.7	0	0	0	0	0	56340.8	61901.8	0	0	0	0	0	0	0	16463.3	22021.1	0	0	0	0	50902.4	56311	0	0	0	0	0	0	0	0	0	0	0	0	0	0	0	0	0	0	0	0	0
0	0	0	16543.3	22011.3	0	0	0	0	0	56246.4	61851.2	0	0	0	0	0	0	0	0	22004.9	27701.5	0	0	0	50633.7	56237	0	0	0	0	0	0	0	0	16684.5	22001.6	27757.3	0	0	0	50698.8	56226.9	0	0	0	0	0	0	0	0	16503	0	0	0	0	0	0	56539.4	61720.9	0	0	0	0	0	0	0	0	22017.5	27667.3	33484	39374.2	44972	50585.1	56271.2	0	0	0	0	0	0	0	0	16519	22036.2	0	0	0	0	0	56294.7	61775.4	0	0	0	0	0	0	0	16577.7	22003.2	0	0	0	0	0	56229.1	61961.6	0	0	0	0	0	0	0	0	0	0	0	0	0	0	0	0	0	0	0	0
0	0	0	16538.6	22174.1	0	0	0	0	50809.6	56256.7	0	0	0	0	0	0	0	0	16591.6	22107.8	27888.8	0	0	45119.7	50667.4	56362.2	0	0	0	0	0	0	0	0	16566.9	22114.6	0	0	0	0	50687.1	56313.8	0	0	0	0	0	0	0	11181.9	16548.6	0	0	0	0	0	0	56315	61708	0	0	0	0	0	0	0	16668.8	22109.9	27815.8	33632.4	39381.6	45016.5	50664	56484	0	0	0	0	0	0	0	0	16533.5	0	0	0	0	0	0	56253.4	0	0	0	0	0	0	0	0	16548.8	22134	0	0	0	0	50732.1	56276.6	0	0	0	0	0	0	0	0	0	0	0	0	0	0	0	0	0	0	0	0	0
0	0	0	16564.1	22041.2	0	0	0	0	0	56221.6	61851.9	0	0	0	0	0	0	0	0	22034.6	27719.8	0	0	0	50609.8	56231.9	0	0	0	0	0	0	0	0	16689.4	22030.6	27769.7	0	0	0	50660.5	56215.2	0	0	0	0	0	0	0	11382	16526.2	0	0	0	0	0	0	56456.2	61694.6	0	0	0	0	0	0	0	0	22049.6	27689.1	33477.9	39284.4	44943.3	50574.4	56278.2	0	0	0	0	0	0	0	0	16540	22069.9	0	0	0	0	0	56261.6	61759.8	0	0	0	0	0	0	0	16598.4	22032.2	0	0	0	0	50774.8	56210.5	0	0	0	0	0	0	0	0	0	0	0	0	0	0	0	0	0	0	0	0	0
0	0	0	16421.9	22111.6	0	0	0	0	0	56354.6	0	0	0	0	0	0	0	0	16443.7	22019.3	0	0	0	0	50769.8	56390.3	0	0	0	0	0	0	0	0	16434.3	22031.3	0	0	0	0	50818.5	56370.3	0	0	0	0	0	0	0	11131.2	16423.9	0	0	0	0	0	0	56441	61828.2	0	0	0	0	0	0	0	16464.6	22012	27818.4	0	0	45177.6	50729.4	56433.7	0	0	0	0	0	0	0	0	16419.1	0	0	0	0	0	0	56367.4	62027.2	0	0	0	0	0	0	0	16426.6	22057.1	0	0	0	0	50912.7	56357	0	0	0	0	0	0	0	0	0	0	0	0	0	0	0	0	0	0	0	0	0
0	0	0	16646.3	22035.6	0	0	0	0	0	56180.8	61757.3	0	0	0	0	0	0	0	0	22050.7	27671.3	33526.6	0	0	50552.5	56168.8	0	0	0	0	0	0	0	0	0	22039.8	27696.1	0	0	0	50608.6	56157.2	0	0	0	0	0	0	0	0	16565.6	22178.6	0	0	0	0	0	0	61668.2	67227	0	0	0	0	0	0	0	22079.5	27658.5	33397.7	39178.9	44870.4	50514.6	56209.3	0	0	0	0	0	0	0	0	16596.9	22049.6	0	0	0	0	0	56239.5	61696.3	0	0	0	0	0	0	0	0	22034.2	27761.2	0	0	0	50754.1	56160.1	61841.7	0	0	0	0	0	0	0	0	0	0	0	0	0	0	0	0	0	0	0	0
0	0	0	16440.3	0	0	0	0	0	50957.5	56367.8	0	0	0	0	0	0	0	0	16454	22081.4	0	0	0	0	50780.6	56447.6	0	0	0	0	0	0	0	0	16447.4	22103.3	0	0	0	0	50810.9	56413.3	0	0	0	0	0	0	0	11073.8	16457.6	0	0	0	0	0	0	56398.8	61853.5	0	0	0	0	0	0	0	16468.8	22066.1	27909.9	0	0	45166.7	50759.2	56516.1	0	0	0	0	0	0	0	11171.2	16441.4	0	0	0	0	0	0	56362	0	0	0	0	0	0	0	0	16442.5	22155.9	0	0	0	0	50867.3	56384.6	0	0	0	0	0	0	0	0	0	0	0	0	0	0	0	0	0	0	0	0	0
0	0	0	16491.5	22201.5	0	0	0	0	50877.4	56308.2	0	0	0	0	0	0	0	0	16521.5	22090.9	0	0	0	45237.8	50718.6	56401.2	0	0	0	0	0	0	0	0	16507.7	22103.7	0	0	0	0	50743.4	56359.8	0	0	0	0	0	0	0	11132	16506.4	0	0	0	0	0	0	56353.2	61771.2	0	0	0	0	0	0	0	16554.5	22085.1	27842.5	0	0	45079.2	50706.6	56492.3	0	0	0	0	0	0	0	0	16489.9	0	0	0	0	0	0	56303.6	0	0	0	0	0	0	0	0	16497.2	22133.5	0	0	0	0	50793.9	56326.6	0	0	0	0	0	0	0	0	0	0	0	0	0	0	0	0	0	0	0	0	0
0	0	0	16605	22015.3	0	0	0	0	0	56211.5	61787.9	0	0	0	0	0	0	0	0	22022.8	27669.4	0	0	0	50586.7	56192.3	0	0	0	0	0	0	0	0	0	22015	27701.7	0	0	0	50651.8	56183.8	0	0	0	0	0	0	0	0	16537.8	0	0	0	0	0	0	0	61694.4	0	0	0	0	0	0	0	0	22044.1	27649.8	33417.7	39229.8	44909	50540	56226.2	0	0	0	0	0	0	0	0	16564.7	22031.3	0	0	0	0	0	56270.8	61727	0	0	0	0	0	0	0	16683.9	22012	27799.4	0	0	0	0	56189.2	61869.1	0	0	0	0	0	0	0	0	0	0	0	0	0	0	0	0	0	0	0	0
0	0	0	16546.8	21921.5	0	0	0	0	0	56313.6	61827.8	0	0	0	0	0	0	0	0	21924.8	27609.6	0	0	0	50712.3	56232	62008	0	0	0	0	0	0	0	0	21920.7	27654	0	0	0	0	56242.6	61930.5	0	0	0	0	0	0	0	16471.9	21989.5	0	0	0	0	0	0	61784.8	0	0	0	0	0	0	0	0	21936	27580.3	33457.4	0	0	50600.3	56234.9	0	0	0	0	0	0	0	0	16503.3	21931.2	0	0	0	0	0	56408.8	61793.8	0	0	0	0	0	0	0	0	21919.2	0	0	0	0	0	56269.6	61869.5	0	0	0	0	0	0	0	0	0	0	0	0	0	0	0	0	0	0	0	0
0	0	0	16508.9	22158.8	0	0	0	0	50862.3	56281.2	0	0	0	0	0	0	0	0	16552.2	22085.2	27910.2	0	0	45188.6	50690.3	56366.6	0	0	0	0	0	0	0	0	16532.5	22093.7	0	0	0	0	50716.3	56327	0	0	0	0	0	0	0	11165.4	16516.9	0	0	0	0	0	0	56346.3	61739.2	0	0	0	0	0	0	0	16605.6	22084.3	27812	33683.2	39449	45044.6	50678	56455.3	0	0	0	0	0	0	0	0	16504.6	0	0	0	0	0	0	56281.9	0	0	0	0	0	0	0	0	16517.6	22115.1	0	0	0	0	50770	56296.4	0	0	0	0	0	0	0	0	0	0	0	0	0	0	0	0	0	0	0	0	0
0	0	0	16613.3	21953.3	0	0	0	0	0	56265.5	61787	0	0	0	0	0	0	0	0	21963.8	27609.2	0	0	0	50637.8	56194.7	62010.8	0	0	0	0	0	0	0	0	21956.6	27639.4	0	0	0	50797.1	56201.2	61902.7	0	0	0	0	0	0	0	16511.2	22020	0	0	0	0	0	0	61747.4	67289.6	0	0	0	0	0	0	0	21981.9	27589.7	33390	0	44969.8	50552.7	56205.2	0	0	0	0	0	0	0	0	16550.7	21961.7	0	0	0	0	0	56358.8	61751.8	0	0	0	0	0	0	0	0	21952.6	27725.8	0	0	0	0	56224.2	61832.6	0	0	0	0	0	0	0	0	0	0	0	0	0	0	0	0	0	0	0	0
0	0	0	16581.2	22097.2	0	0	0	0	50847.3	56199.4	0	0	0	0	0	0	0	0	0	22082.1	27769.9	0	0	45050.6	50597.8	56252.9	0	0	0	0	0	0	0	0	16660.3	22078.9	27823	0	0	0	50629.2	56221.6	0	0	0	0	0	0	0	11291	16557.7	0	0	0	0	0	0	56353	61662.4	0	0	0	0	0	0	0	0	22097.5	27738.4	33505	39268.2	44934.7	50583	56328.8	0	0	0	0	0	0	0	0	16562.4	22141.2	0	0	0	0	0	56221	61764	0	0	0	0	0	0	0	16607.9	22083.1	0	0	0	0	50697	56202	0	0	0	0	0	0	0	0	0	0	0	0	0	0	0	0	0	0	0	0	0
0	0	0	16521.3	21952.6	0	0	0	0	0	56293	61845.8	0	0	0	0	0	0	0	0	21950	27654.8	0	0	0	50685.3	56242.3	0	0	0	0	0	0	0	0	0	21947	27713.1	0	0	0	50815.4	56244.9	62001.1	0	0	0	0	0	0	0	16470.8	22113	0	0	0	0	0	0	61766.4	0	0	0	0	0	0	0	0	21960.2	27618.8	33495.1	0	45071.2	50603.4	56256.4	0	0	0	0	0	0	0	0	16492.6	21968.5	0	0	0	0	0	56363	61796.4	0	0	0	0	0	0	0	16565.5	21947.5	0	0	0	0	0	56261.3	61904.6	0	0	0	0	0	0	0	0	0	0	0	0	0	0	0	0	0	0	0	0
0	0	0	16515.2	22082.6	0	0	0	0	0	56259.2	0	0	0	0	0	0	0	0	16594.1	22047.4	27808.3	0	0	0	50661.2	56303	0	0	0	0	0	0	0	0	16555.9	22049.9	0	0	0	0	50700.4	56277.1	0	0	0	0	0	0	0	11234	16504.4	0	0	0	0	0	0	56387.7	61722.2	0	0	0	0	0	0	0	0	22052.9	27747.4	33592.2	39408.5	45010.3	50635.2	56363.1	0	0	0	0	0	0	0	0	16504.3	22154	0	0	0	0	0	56278.5	61846.9	0	0	0	0	0	0	0	16530.4	22060.5	0	0	0	0	50780	56260.9	0	0	0	0	0	0	0	0	0	0	0	0	0	0	0	0	0	0	0	0	0
0	0	0	16604.4	22002.6	0	0	0	0	0	56220.9	61786	0	0	0	0	0	0	0	0	22011	27657.2	0	0	0	50594.1	56191.5	0	0	0	0	0	0	0	0	0	22003.3	27689.1	0	0	0	50667.7	56186.1	0	0	0	0	0	0	0	0	16531.8	22136.2	0	0	0	0	0	0	61704.7	0	0	0	0	0	0	0	0	22031.7	27637.7	33411.3	39239.7	44915.9	50541.1	56220.3	0	0	0	0	0	0	0	0	16561.1	22016.9	0	0	0	0	0	56286	61731.1	0	0	0	0	0	0	0	16708.5	21999.9	27784.5	0	0	0	0	56195	61857.2	0	0	0	0	0	0	0	0	0	0	0	0	0	0	0	0	0	0	0	0
0	0	0	16534.4	21950.3	0	0	0	0	0	56289.3	61834.6	0	0	0	0	0	0	0	0	21950.2	27643.7	0	0	0	50678.7	56233.9	0	0	0	0	0	0	0	0	0	21946.5	27694.5	0	0	0	50819	56237.5	61977.5	0	0	0	0	0	0	0	16477	22067	0	0	0	0	0	0	61763.9	0	0	0	0	0	0	0	0	21961.5	27611.3	33471.1	0	45056.1	50594.9	56246.8	0	0	0	0	0	0	0	0	16501.7	21964.5	0	0	0	0	0	56363.8	61788.5	0	0	0	0	0	0	0	16590.1	21946.2	0	0	0	0	0	56255.5	61889.9	0	0	0	0	0	0	0	0	0	0	0	0	0	0	0	0	0	0	0	0
0	0	0	16578.4	22046.7	0	0	0	0	0	56210.1	61837.5	0	0	0	0	0	0	0	0	22043.1	27716.5	0	0	0	50597	56222.3	0	0	0	0	0	0	0	0	0	22038	27760.5	0	0	0	50645.5	56204.6	0	0	0	0	0	0	0	11388.7	16536.8	0	0	0	0	0	0	56454.1	61684.2	0	0	0	0	0	0	0	0	22060.2	27689.6	33465.4	39259.8	44927.9	50564.2	56270.9	0	0	0	0	0	0	0	0	16552	22073.6	0	0	0	0	0	56250.4	61746.6	0	0	0	0	0	0	0	16616.9	22038.5	0	0	0	0	50753.8	56199.3	0	0	0	0	0	0	0	0	0	0	0	0	0	0	0	0	0	0	0	0	0
0	0	0	16578.1	21918.4	0	0	0	0	0	56311.9	61814	0	0	0	0	0	0	0	0	21924.8	27593.4	0	0	0	50707.3	56220.6	61974.9	0	0	0	0	0	0	0	0	21919.7	27630.3	0	0	0	0	56233.3	61907.1	0	0	0	0	0	0	0	16482.2	21973.5	0	0	0	0	0	0	61783.8	67352.3	0	0	0	0	0	0	0	21937.6	27568.5	33422.5	0	0	50588.8	56221.2	0	0	0	0	0	0	0	0	16520	21926.1	0	0	0	0	0	56419.2	61784.7	0	0	0	0	0	0	0	0	21917.2	0	0	0	0	0	56263.4	61851.8	0	0	0	0	0	0	0	0	0	0	0	0	0	0	0	0	0	0	0	0
0	0	0	16549.8	22077.1	0	0	0	0	0	56227.1	0	0	0	0	0	0	0	0	0	22056.6	27770	0	0	45136	50624.6	56267	0	0	0	0	0	0	0	0	16613.6	22055.5	27841.5	0	0	0	50662.9	56241.2	0	0	0	0	0	0	0	11280.2	16529	0	0	0	0	0	0	56384	61691.9	0	0	0	0	0	0	0	0	22067.8	27729.3	33526.8	39314.4	44964.5	50600.9	56329.2	0	0	0	0	0	0	0	0	16533.6	22124.1	0	0	0	0	0	56251.7	61792.6	0	0	0	0	0	0	0	16572.4	22061.5	0	0	0	0	50743.2	56226.4	0	0	0	0	0	0	0	0	0	0	0	0	0	0	0	0	0	0	0	0	0
0	0	0	16500.8	22212.5	0	0	0	0	50859.4	56302.8	0	0	0	0	0	0	0	0	16531.8	22100.2	0	0	0	45207.1	50713.5	56405.2	0	0	0	0	0	0	0	0	16517.4	22113	0	0	0	0	50735.7	56359.9	0	0	0	0	0	0	0	11134.1	16518.1	0	0	0	0	0	0	56342.2	61763.6	0	0	0	0	0	0	0	16566.5	22094.7	27846.5	0	39504.1	45071.7	50705	56508.6	0	0	0	0	0	0	0	11282	16499.5	0	0	0	0	0	0	56295.8	0	0	0	0	0	0	0	0	16506.6	22143.1	0	0	0	0	50782.3	56323.6	0	0	0	0	0	0	0	0	0	0	0	0	0	0	0	0	0	0	0	0	0
0	0	0	16527.4	22121	0	0	0	0	50864	56253.3	0	0	0	0	0	0	0	0	16595	22075.2	27840.6	0	0	45150.2	50659	56322.8	0	0	0	0	0	0	0	0	16563.1	22079.1	0	0	0	0	50688.5	56287.8	0	0	0	0	0	0	0	11208.9	16524.6	0	0	0	0	0	0	56350.3	61711.1	0	0	0	0	0	0	0	0	22079.8	27776.8	33603.6	39379.3	45007.1	50643.8	56402.2	0	0	0	0	0	0	0	0	16518.8	22237	0	0	0	0	0	56262.6	61876.1	0	0	0	0	0	0	0	16540.7	22092.9	0	0	0	0	50749.8	56262.8	0	0	0	0	0	0	0	0	0	0	0	0	0	0	0	0	0	0	0	0	0
0	0	0	16443.6	22038	0	0	0	0	0	56324.9	0	0	0	0	0	0	0	0	16485.9	21993.4	27892.4	0	0	0	50735	56338.1	0	0	0	0	0	0	0	0	16467.3	21999	0	0	0	0	50795.3	56324	0	0	0	0	0	0	0	11219.9	16435.5	0	0	0	0	0	0	56462.2	61793.3	0	0	0	0	0	0	0	16538.7	21992.7	27743.2	0	0	45130.4	50685.9	56373.8	0	0	0	0	0	0	0	0	16436.6	22131.9	0	0	0	0	0	56351.4	61907.8	0	0	0	0	0	0	0	16452.9	22012.7	0	0	0	0	50937.4	56318.6	0	0	0	0	0	0	0	0	0	0	0	0	0	0	0	0	0	0	0	0	0
0	0	0	16568.9	22118.2	0	0	0	0	50811.6	56212.1	0	0	0	0	0	0	0	0	16692.8	22091.3	27801.6	0	0	45064.2	50615.9	56283.5	0	0	0	0	0	0	0	0	16625.5	22090.8	27871.7	0	0	0	50642.4	56246.3	0	0	0	0	0	0	0	11254.3	16556.6	0	0	0	0	0	0	56330.8	61669.3	0	0	0	0	0	0	0	0	22103	27761.8	33538.9	39297.6	44956.7	50606	56372.3	0	0	0	0	0	0	0	0	16554.9	22180.8	0	0	0	0	0	56225.1	61800.9	0	0	0	0	0	0	0	16589.2	22098.7	0	0	0	0	50700.8	56220.7	0	0	0	0	0	0	0	0	0	0	0	0	0	0	0	0	0	0	0	0	0
0	0	0	16547.3	22277.5	0	0	0	0	50786.8	56282.5	0	0	0	0	0	0	0	0	16580.9	22149.7	27979.2	0	0	45126.1	50696.9	56451.8	0	0	0	0	0	0	0	0	16564.5	22163.1	0	0	0	45261.1	50706	56374.8	0	0	0	0	0	0	0	11145.2	16581.9	0	0	0	0	0	0	56288.2	61730.7	0	0	0	0	0	0	0	16622.1	22145.4	27874.8	33694.2	39416.3	45048	50706.6	0	0	0	0	0	0	0	0	11225.5	16548.4	0	0	0	0	0	50918.8	56261.2	0	0	0	0	0	0	0	0	16552.8	22196.1	0	0	0	0	50734.9	56317.7	0	0	0	0	0	0	0	0	0	0	0	0	0	0	0	0	0	0	0	0	0
0	0	0	16611.3	22029.2	0	0	0	0	0	56199.7	61786.5	0	0	0	0	0	0	0	0	22036.9	27680.3	0	0	0	50576.4	56190.5	0	0	0	0	0	0	0	0	0	22028.7	27711.9	0	0	0	50634.1	56178.8	0	0	0	0	0	0	0	0	16547.1	0	0	0	0	0	0	0	61682	0	0	0	0	0	0	0	0	22059.5	27661.7	33420.7	39216.7	44899	50536.3	56230.1	0	0	0	0	0	0	0	0	16572.4	22046.7	0	0	0	0	0	56254	61719.7	0	0	0	0	0	0	0	16682.8	22025.5	27805	0	0	0	50784.8	56180.7	61879.9	0	0	0	0	0	0	0	0	0	0	0	0	0	0	0	0	0	0	0	0
0	0	0	16425.8	21990	0	0	0	0	0	56343.4	61991.2	0	0	0	0	0	0	0	16471.3	21957.3	27862.9	0	0	0	50759.6	56331	0	0	0	0	0	0	0	0	16451.1	21961.3	0	0	0	0	50846.3	56325	0	0	0	0	0	0	0	0	16413.4	0	0	0	0	0	0	56519.4	61811.8	0	0	0	0	0	0	0	16539.7	21957.4	27709.8	0	0	0	50691.4	56353.9	0	0	0	0	0	0	0	0	16417.7	22043.3	0	0	0	0	0	56381.3	61897.3	0	0	0	0	0	0	0	16435.8	21971.5	0	0	0	0	0	56328.5	0	0	0	0	0	0	0	0	0	0	0	0	0	0	0	0	0	0	0	0	0
0	0	0	16420.8	21996	0	0	0	0	0	56347.4	62008	0	0	0	0	0	0	0	16461.1	21959.8	0	0	0	0	50764.7	56338.1	0	0	0	0	0	0	0	0	16443.5	21964.5	0	0	0	0	50848.5	56331.3	0	0	0	0	0	0	0	0	16410	0	0	0	0	0	0	56513.3	61816	0	0	0	0	0	0	0	16512	21959.1	27719.6	0	0	0	50698	56361.9	0	0	0	0	0	0	0	0	16413.5	22057.7	0	0	0	0	0	56383.1	61907.1	0	0	0	0	0	0	0	16429.8	21975.7	0	0	0	0	0	56333.7	0	0	0	0	0	0	0	0	0	0	0	0	0	0	0	0	0	0	0	0	0
0	0	0	16614.2	22043.1	0	0	0	0	0	56190.4	61789.9	0	0	0	0	0	0	0	0	22049.9	27693	0	0	45092.5	50569.9	56192.1	0	0	0	0	0	0	0	0	0	22041.6	27724.7	0	0	0	50620.9	56176.9	0	0	0	0	0	0	0	0	16554.7	0	0	0	0	0	0	0	61671	0	0	0	0	0	0	0	0	22073.2	27674.7	33427.5	39211.3	44893.9	50535.9	56237.9	0	0	0	0	0	0	0	0	16577.6	22062.5	0	0	0	0	0	56239.1	61715.5	0	0	0	0	0	0	0	16676.8	22038.7	27818.6	0	0	0	50740.2	56175.1	61904.3	0	0	0	0	0	0	0	0	0	0	0	0	0	0	0	0	0	0	0	0
0	0	0	16486.3	22017.7	0	0	0	0	0	56287	61940.6	0	0	0	0	0	0	0	16582.5	21994.2	27761.8	0	0	0	50687	56289.2	0	0	0	0	0	0	0	0	16532.8	21995.4	0	0	0	0	50750.3	56277.2	0	0	0	0	0	0	0	11330.6	16466.1	0	0	0	0	0	0	56474.9	61755.8	0	0	0	0	0	0	0	0	21999.4	27699.4	33635.7	0	45050.7	50637.6	56324.2	0	0	0	0	0	0	0	0	16473	22060.2	0	0	0	0	0	56323.4	61838.5	0	0	0	0	0	0	0	16503.6	22002.6	0	0	0	0	50937.8	56275.4	0	0	0	0	0	0	0	0	0	0	0	0	0	0	0	0	0	0	0	0	0
0	0	0	16544.1	22187.8	0	0	0	0	50797.5	56255.9	0	0	0	0	0	0	0	0	16595.5	22116.9	27897.8	0	0	45111.5	50667.8	56372.2	0	0	0	0	0	0	0	0	16571.5	22124.2	0	0	0	0	50684.9	56319.3	0	0	0	0	0	0	0	11178.9	16557.5	0	0	0	0	0	0	56305.6	61705.1	0	0	0	0	0	0	0	16668.1	22118.7	27824.6	33635.4	39378.8	45016.6	50667.6	56523.2	0	0	0	0	0	0	0	0	16539.7	0	0	0	0	0	0	56249.4	0	0	0	0	0	0	0	0	16553.9	22144.8	0	0	0	0	50726.2	56278.5	0	0	0	0	0	0	0	0	0	0	0	0	0	0	0	0	0	0	0	0	0
0	0	0	16503.4	22011.3	0	0	0	0	0	56274.5	61905.1	0	0	0	0	0	0	0	0	21994.4	27735.1	0	0	0	50670.4	56270.9	0	0	0	0	0	0	0	0	16565.3	21994	27843.5	0	0	0	50736	56260.1	0	0	0	0	0	0	0	0	16476.9	0	0	0	0	0	0	56490.9	61744.9	0	0	0	0	0	0	0	0	22001.9	27684.6	33560.1	0	45025.4	50619.9	56304.7	0	0	0	0	0	0	0	0	16486.8	22045.5	0	0	0	0	0	56315.7	61816	0	0	0	0	0	0	0	16525.2	21999.1	0	0	0	0	0	56260.4	0	0	0	0	0	0	0	0	0	0	0	0	0	0	0	0	0	0	0	0	0
0	0	0	16558.6	22160.1	0	0	0	0	50787.2	56232.2	0	0	0	0	0	0	0	0	16630.5	22111.1	27855.3	0	0	45081.5	50642.4	56334.8	0	0	0	0	0	0	0	0	16596.1	22114.7	27981.9	0	0	0	50661.7	56286.6	0	0	0	0	0	0	0	11209.5	16562.4	0	0	0	0	0	0	56305.3	61681.8	0	0	0	0	0	0	0	0	22117.5	27800.7	33590.6	39338.2	44988	50640.6	56459.6	0	0	0	0	0	0	0	0	16550.6	0	0	0	0	0	0	56232.3	61905.3	0	0	0	0	0	0	0	16572.3	22129.2	0	0	0	0	50707.1	56250.3	0	0	0	0	0	0	0	0	0	0	0	0	0	0	0	0	0	0	0	0	0
0	0	0	16534.6	22255.3	0	0	0	0	50804.2	56286.1	0	0	0	0	0	0	0	0	16568.2	22135	27977.1	0	0	45141.5	50699.2	56430.9	0	0	0	0	0	0	0	0	16552	22148	0	0	0	0	50712	56366.6	0	0	0	0	0	0	0	11142.8	16562.9	0	0	0	0	0	0	56302.9	61738	0	0	0	0	0	0	0	16608.5	22130.6	27864.7	33701.3	39428.2	45051.6	50703.6	0	0	0	0	0	0	0	0	11235.1	16534.7	0	0	0	0	0	50965.5	56269.5	0	0	0	0	0	0	0	0	16540.3	22179.7	0	0	0	0	50745.9	56316.6	0	0	0	0	0	0	0	0	0	0	0	0	0	0	0	0	0	0	0	0	0
0	0	0	16493.9	22164	0	0	0	0	50885.8	56296.9	0	0	0	0	0	0	0	0	16530.3	22079.2	27951.9	0	0	45241.6	50706.3	56378.2	0	0	0	0	0	0	0	0	16513.8	22089.3	0	0	0	0	50734.1	56340.7	0	0	0	0	0	0	0	11150.6	16503.1	0	0	0	0	0	0	56358.4	61758.1	0	0	0	0	0	0	0	16571.7	22076.1	27819.7	0	0	45065.1	50691.2	56460	0	0	0	0	0	0	0	0	16490.6	0	0	0	0	0	0	56297.5	0	0	0	0	0	0	0	0	16501.2	22113.5	0	0	0	0	50790.1	56311.5	0	0	0	0	0	0	0	0	0	0	0	0	0	0	0	0	0	0	0	0	0
0	0	0	16486.9	22201.1	0	0	0	0	50885.7	56312	0	0	0	0	0	0	0	0	16515.9	22087.8	0	0	0	45257.6	50722.4	56402.1	0	0	0	0	0	0	0	0	16502.6	22100.9	0	0	0	0	50748.1	56361.9	0	0	0	0	0	0	0	11129.2	16501.4	0	0	0	0	0	0	56358	61776.2	0	0	0	0	0	0	0	16547.4	22081.6	27843.1	0	0	45084.5	50709.1	56489.4	0	0	0	0	0	0	0	0	16485.4	0	0	0	0	0	0	56308	0	0	0	0	0	0	0	0	16492.4	22131.1	0	0	0	0	50799.9	56329.8	0	0	0	0	0	0	0	0	0	0	0	0	0	0	0	0	0	0	0	0	0
0	0	0	16474.5	22133.2	0	0	0	0	50950	56308.2	0	0	0	0	0	0	0	0	16509.6	22055.9	0	0	0	0	50717.3	56369.8	0	0	0	0	0	0	0	0	16493.9	22065.5	0	0	0	0	50752.3	56339.7	0	0	0	0	0	0	0	11153.4	16478.7	0	0	0	0	0	0	56385.7	61773.1	0	0	0	0	0	0	0	16548.3	22052.6	27805.3	0	0	45082.7	50693.5	56434.4	0	0	0	0	0	0	0	0	16470.4	0	0	0	0	0	0	56315	0	0	0	0	0	0	0	0	16481.8	22087.9	0	0	0	0	50820.1	56317.3	0	0	0	0	0	0	0	0	0	0	0	0	0	0	0	0	0	0	0	0	0
0	0	0	16576.8	22101.1	0	0	0	0	50838.2	56203.3	0	0	0	0	0	0	0	0	0	22083.1	27777.1	0	0	45056	50603	56260.4	0	0	0	0	0	0	0	0	16648.8	22080.7	27834.2	0	0	0	50633.4	56228	0	0	0	0	0	0	0	11281.3	16556.2	0	0	0	0	0	0	56348.2	61664.9	0	0	0	0	0	0	0	0	22097.5	27743.4	33513.6	39276.6	44940.9	50589	56338.5	0	0	0	0	0	0	0	0	16559.4	22148.9	0	0	0	0	0	56222.9	61772.9	0	0	0	0	0	0	0	16601.7	22085.8	0	0	0	0	50699.3	56207.2	0	0	0	0	0	0	0	0	0	0	0	0	0	0	0	0	0	0	0	0	0
0	0	0	16530.5	21970.9	0	0	0	0	0	56275.6	61842.7	0	0	0	0	0	0	0	0	21967.9	27667.3	0	0	0	50663.6	56237.3	0	0	0	0	0	0	0	0	0	21964.6	27723	0	0	0	50761.2	56236.1	0	0	0	0	0	0	0	0	16482	0	0	0	0	0	0	0	61750.6	0	0	0	0	0	0	0	0	21979.2	27632.7	33482.2	0	45017.6	50593.8	56257.3	0	0	0	0	0	0	0	0	16502.6	21989	0	0	0	0	0	56338.9	61786.8	0	0	0	0	0	0	0	16572.4	21965.2	0	0	0	0	0	56248.3	61910.8	0	0	0	0	0	0	0	0	0	0	0	0	0	0	0	0	0	0	0	0
0	0	0	16539	21940.5	0	0	0	0	0	56296.4	61830.7	0	0	0	0	0	0	0	0	21941.8	27631.3	0	0	0	50687.3	56232.1	0	0	0	0	0	0	0	0	0	21937.9	27679.3	0	0	0	0	56238.1	61956.5	0	0	0	0	0	0	0	16475.7	22034.2	0	0	0	0	0	0	61770.4	0	0	0	0	0	0	0	0	21953.2	27600.3	33463.8	0	0	50595.3	56241.5	0	0	0	0	0	0	0	0	16502.8	21952.9	0	0	0	0	0	56377.5	61789.2	0	0	0	0	0	0	0	16609.5	21937.1	0	0	0	0	0	56259.2	61880.7	0	0	0	0	0	0	0	0	0	0	0	0	0	0	0	0	0	0	0	0
0	0	0	16497.1	21990.4	0	0	0	0	0	56285.7	61891.9	0	0	0	0	0	0	0	0	21976.7	27716.8	0	0	0	50681.9	56268.2	0	0	0	0	0	0	0	0	16566.1	21976	27822.1	0	0	0	50760.5	56261.7	0	0	0	0	0	0	0	0	16467.1	0	0	0	0	0	0	56541.2	61756.8	0	0	0	0	0	0	0	0	21984.1	27667.1	33567.7	0	45046.8	50621.9	56294.9	0	0	0	0	0	0	0	0	16479.2	22019.1	0	0	0	0	0	56333.7	61816.8	0	0	0	0	0	0	0	16520.7	21980.1	0	0	0	0	0	56266.8	61994.8	0	0	0	0	0	0	0	0	0	0	0	0	0	0	0	0	0	0	0	0
0	0	0	16469	22182.5	0	0	0	0	50926.3	56323.7	0	0	0	0	0	0	0	0	16495.6	22070.8	0	0	0	0	50734.3	56398.5	0	0	0	0	0	0	0	0	16483.5	22084	0	0	0	0	50765.1	56364.4	0	0	0	0	0	0	0	11125	16479.7	0	0	0	0	0	0	56379.1	61791.6	0	0	0	0	0	0	0	16523.6	22063.8	27838	0	0	45103	50714.4	56470.4	0	0	0	0	0	0	0	0	16467.1	0	0	0	0	0	0	56323.9	0	0	0	0	0	0	0	0	16474.2	22113.9	0	0	0	0	50824.7	56337.4	0	0	0	0	0	0	0	0	0	0	0	0	0	0	0	0	0	0	0	0	0
0	0	0	16503	22057.7	0	0	0	0	0	56269.4	0	0	0	0	0	0	0	0	16586.1	22027	27791.6	0	0	0	50670	56296.9	0	0	0	0	0	0	0	0	16545.3	22029	0	0	0	0	50717.1	56276.6	0	0	0	0	0	0	0	11253.3	16488.5	0	0	0	0	0	0	56418.2	61735.2	0	0	0	0	0	0	0	0	22032.3	27729.6	33599	0	45022.5	50635.6	56346.3	0	0	0	0	0	0	0	0	16491.3	22116.4	0	0	0	0	0	56295	61842.3	0	0	0	0	0	0	0	16518.8	22038.3	0	0	0	0	50815	56266	0	0	0	0	0	0	0	0	0	0	0	0	0	0	0	0	0	0	0	0	0
0	0	0	16620.6	22000.9	0	0	0	0	0	56216.7	61774.1	0	0	0	0	0	0	0	0	22012.4	27648.6	0	0	0	50586.6	56182.2	0	0	0	0	0	0	0	0	0	22003.7	27677.2	0	0	0	50662.7	56178	61980.2	0	0	0	0	0	0	0	16537.9	22110.5	0	0	0	0	0	0	61702.8	67276.2	0	0	0	0	0	0	0	22035.1	27631.5	33397.7	39221.5	44904.9	50532.1	56209.6	0	0	0	0	0	0	0	0	16570.8	22013.3	0	0	0	0	0	56286.2	61723.3	0	0	0	0	0	0	0	0	21999.3	27756.1	0	0	0	0	56188.7	61840.2	0	0	0	0	0	0	0	0	0	0	0	0	0	0	0	0	0	0	0	0
0	0	0	16537.8	22022.5	0	0	0	0	0	56245.9	61868.6	0	0	0	0	0	0	0	0	22012.4	27717.9	0	0	0	50635.8	56245.9	0	0	0	0	0	0	0	0	16632.9	22009.9	27780.4	0	0	0	50695	56233.1	0	0	0	0	0	0	0	0	16503.3	0	0	0	0	0	0	56485.7	61718.4	0	0	0	0	0	0	0	0	22024.1	27680.6	33499.9	39365.5	44975.8	50591.9	56284.4	0	0	0	0	0	0	0	0	16516.4	22051.7	0	0	0	0	0	56288.6	61782.5	0	0	0	0	0	0	0	16567.5	22012.7	0	0	0	0	50846.1	56232	0	0	0	0	0	0	0	0	0	0	0	0	0	0	0	0	0	0	0	0	0
0	0	0	16467.9	22058.9	0	0	0	0	0	56302.7	0	0	0	0	0	0	0	0	16518.6	22014.9	27848.1	0	0	0	50708.8	56328.9	0	0	0	0	0	0	0	0	16495.7	22019.9	0	0	0	0	50759.3	56310.1	0	0	0	0	0	0	0	11213.9	16459.9	0	0	0	0	0	0	56431.8	61769.3	0	0	0	0	0	0	0	16595.2	22015.6	27747.9	0	0	45078.9	50669.5	56373.5	0	0	0	0	0	0	0	0	16460	22153	0	0	0	0	0	56325.3	61893	0	0	0	0	0	0	0	16478.6	22033.3	0	0	0	0	50863.6	56300.1	0	0	0	0	0	0	0	0	0	0	0	0	0	0	0	0	0	0	0	0	0
0	0	0	16611.5	22024	0	0	0	0	0	56202.9	61784.5	0	0	0	0	0	0	0	0	22032.2	27675	0	0	0	50578.5	56189.3	0	0	0	0	0	0	0	0	0	22024	27706.2	0	0	0	50638.9	56179	0	0	0	0	0	0	0	0	16544.8	0	0	0	0	0	0	0	61685.9	0	0	0	0	0	0	0	0	22054.7	27656.5	33417.3	39218	44900.4	50535.9	56226.7	0	0	0	0	0	0	0	0	16571.2	22040.6	0	0	0	0	0	56259.5	61720.7	0	0	0	0	0	0	0	16689.1	22020.7	27797.6	0	0	0	50815.3	56182.4	61871.8	0	0	0	0	0	0	0	0	0	0	0	0	0	0	0	0	0	0	0	0
0	0	0	16522.5	22227.7	0	0	0	0	50823.3	56288.4	0	0	0	0	0	0	0	0	16557	22118.9	27969.3	0	0	45158.6	50700.3	56411.5	0	0	0	0	0	0	0	0	16540.7	22131.1	0	0	0	0	50717.2	56357.1	0	0	0	0	0	0	0	11143.5	16544.3	0	0	0	0	0	0	56318.1	61743.3	0	0	0	0	0	0	0	16597.5	22114.9	27851.9	33707.3	39441.1	45054	50699	56572.4	0	0	0	0	0	0	0	11258.3	16521.5	0	0	0	0	0	0	56276.8	0	0	0	0	0	0	0	0	16528.7	22160.6	0	0	0	0	50756.7	56313.9	0	0	0	0	0	0	0	0	0	0	0	0	0	0	0	0	0	0	0	0	0
0	0	0	16471.5	21963.1	0	0	0	0	0	56314.5	61901.6	0	0	0	0	0	0	0	0	21949.2	27711.9	0	0	0	50719.2	56281.4	0	0	0	0	0	0	0	0	16531.9	21949.1	0	0	0	0	50826.4	56280.1	0	0	0	0	0	0	0	0	16442.9	0	0	0	0	0	0	56617.4	61783.9	0	0	0	0	0	0	0	0	21954.6	27653.4	0	0	0	50643.1	56299.4	0	0	0	0	0	0	0	0	16455.1	21988.9	0	0	0	0	0	56368.6	61837	0	0	0	0	0	0	0	16492.6	21953.4	0	0	0	0	0	56290.6	61979.4	0	0	0	0	0	0	0	0	0	0	0	0	0	0	0	0	0	0	0	0
0	0	0	16495.5	22231	0	0	0	0	50865.8	56311.1	0	0	0	0	0	0	0	0	16523.3	22101.5	0	0	0	45222.2	50721.9	56414.8	0	0	0	0	0	0	0	0	16510.3	22115.7	0	0	0	0	50744	56369.4	0	0	0	0	0	0	0	11124.9	16514.6	0	0	0	0	0	0	56345.7	61774.4	0	0	0	0	0	0	0	16554.1	22094.5	27855.6	0	39555.1	45082	50713.1	56518	0	0	0	0	0	0	0	11247.7	16494.9	0	0	0	0	0	0	56302.9	0	0	0	0	0	0	0	0	16500.5	22148.8	0	0	0	0	50790.1	56332.6	0	0	0	0	0	0	0	0	0	0	0	0	0	0	0	0	0	0	0	0	0
0	0	0	16528.2	21993.3	0	0	0	0	0	56264.1	61856.2	0	0	0	0	0	0	0	0	21986.4	27693.1	0	0	0	50652.9	56243.5	0	0	0	0	0	0	0	0	16662.4	21983.7	27755.1	0	0	0	50729.4	56237.1	0	0	0	0	0	0	0	0	16487.9	0	0	0	0	0	0	0	61738.2	0	0	0	0	0	0	0	0	21997.4	27655.7	33496.5	0	44999.4	50595.5	56271.3	0	0	0	0	0	0	0	0	16504.4	22016.5	0	0	0	0	0	56316.8	61787.7	0	0	0	0	0	0	0	16561.5	21985.5	0	0	0	0	0	56243.2	61946.1	0	0	0	0	0	0	0	0	0	0	0	0	0	0	0	0	0	0	0	0
0	0	0	16500.3	22074.6	0	0	0	0	0	56272.8	0	0	0	0	0	0	0	0	16569.2	22036.7	27816.1	0	0	0	50675.6	56310.7	0	0	0	0	0	0	0	0	16536.7	22040	0	0	0	0	50718.1	56287.2	0	0	0	0	0	0	0	11227.6	16490.4	0	0	0	0	0	0	56401.9	61737	0	0	0	0	0	0	0	0	22040.6	27746.4	33623.4	0	45029.3	50645.4	56365.4	0	0	0	0	0	0	0	0	16490.3	22151	0	0	0	0	0	56293.2	61861.2	0	0	0	0	0	0	0	16514	22051.5	0	0	0	0	50804.4	56273	0	0	0	0	0	0	0	0	0	0	0	0	0	0	0	0	0	0	0	0	0
0	0	0	16601.1	21938.2	0	0	0	0	0	56284.7	61797.4	0	0	0	0	0	0	0	0	21947.1	27601.1	0	0	0	50663.9	56204.5	61985.6	0	0	0	0	0	0	0	0	21940.8	27633.5	0	0	0	0	56213.8	61901.9	0	0	0	0	0	0	0	16499.6	21999	0	0	0	0	0	0	61762.8	67311.4	0	0	0	0	0	0	0	21963	27579.6	33398.7	0	45027	50566.3	56210.5	0	0	0	0	0	0	0	0	16539	21946.2	0	0	0	0	0	56384.4	61765.1	0	0	0	0	0	0	0	0	21937.4	27735.2	0	0	0	0	56240.1	61839.1	0	0	0	0	0	0	0	0	0	0	0	0	0	0	0	0	0	0	0	0
0	0	0	16532.5	22069.7	0	0	0	0	0	56242.7	0	0	0	0	0	0	0	0	16653.4	22045.4	27776.1	0	0	0	50640.9	56277.9	0	0	0	0	0	0	0	0	16587.3	22045.5	27868	0	0	0	50682.3	56254.2	0	0	0	0	0	0	0	11270	16514.1	0	0	0	0	0	0	56396.4	61707.7	0	0	0	0	0	0	0	0	22054.3	27728.7	33547.2	39352.8	44984.4	50613.3	56335.1	0	0	0	0	0	0	0	0	16518	22120.6	0	0	0	0	0	56267.6	61810.9	0	0	0	0	0	0	0	16552.3	22052.8	0	0	0	0	50768.3	56240.9	0	0	0	0	0	0	0	0	0	0	0	0	0	0	0	0	0	0	0	0	0
0	0	0	16568.2	21940.9	0	0	0	0	0	56287.8	61812.3	0	0	0	0	0	0	0	0	21946.2	27616.5	0	0	0	50672.1	56217	62033	0	0	0	0	0	0	0	0	21941	27655.2	0	0	0	0	56224.2	61928.4	0	0	0	0	0	0	0	16488.9	22016.4	0	0	0	0	0	0	61764.3	0	0	0	0	0	0	0	0	21959.9	27590.8	33426.9	0	45048	50579	56225.3	0	0	0	0	0	0	0	0	16521.6	21951.1	0	0	0	0	0	56376.8	61775.1	0	0	0	0	0	0	0	0	21938.8	0	0	0	0	0	56247.4	61858.6	0	0	0	0	0	0	0	0	0	0	0	0	0	0	0	0	0	0	0	0
0	0	0	16511.6	21967.5	0	0	0	0	0	56287.6	61860	0	0	0	0	0	0	0	0	21961.2	27678	0	0	0	50680.7	56250.7	0	0	0	0	0	0	0	0	0	21958.9	27747.3	0	0	0	50781.6	56249.5	0	0	0	0	0	0	0	0	16469.9	0	0	0	0	0	0	0	61760.6	0	0	0	0	0	0	0	0	21970.5	27637.6	33518.7	0	45050.7	50608.7	56269.9	0	0	0	0	0	0	0	0	16487.7	21987.6	0	0	0	0	0	56348.2	61801.8	0	0	0	0	0	0	0	16545.2	21960.6	0	0	0	0	0	56261.3	61930.6	0	0	0	0	0	0	0	0	0	0	0	0	0	0	0	0	0	0	0	0
0	0	0	16447.8	22192.2	0	0	0	0	50973.2	56343.1	0	0	0	0	0	0	0	0	16469.3	22059	0	0	0	0	50755.2	56408	0	0	0	0	0	0	0	0	16459.6	22073.9	0	0	0	0	50790.2	56378	0	0	0	0	0	0	0	11110.6	16457.5	0	0	0	0	0	0	56400	61816.4	0	0	0	0	0	0	0	16491	22049.9	27849	0	0	45135.5	50729.7	56469.8	0	0	0	0	0	0	0	0	16446.5	0	0	0	0	0	0	56345.1	0	0	0	0	0	0	0	0	16452.1	22107	0	0	0	0	50855.9	56354.5	0	0	0	0	0	0	0	0	0	0	0	0	0	0	0	0	0	0	0	0	0
0	0	0	16575.8	21940.9	0	0	0	0	0	56286.1	61808.2	0	0	0	0	0	0	0	0	21947.1	27613	0	0	0	50668.8	56213.5	62021.1	0	0	0	0	0	0	0	0	21941.6	27650	0	0	0	0	56221.1	61921.9	0	0	0	0	0	0	0	16492	22012.8	0	0	0	0	0	0	61763.1	0	0	0	0	0	0	0	0	21961.4	27588.5	33419.3	0	45038.6	50575.3	56221.5	0	0	0	0	0	0	0	0	16526.2	21950.6	0	0	0	0	0	56377.3	61772	0	0	0	0	0	0	0	0	21939.1	0	0	0	0	0	56244.9	61853.6	0	0	0	0	0	0	0	0	0	0	0	0	0	0	0	0	0	0	0	0
0	0	0	16472.7	22153.3	0	0	0	0	50934.2	56314.3	0	0	0	0	0	0	0	0	16503.9	22063.2	0	0	0	0	50724.1	56382.4	0	0	0	0	0	0	0	0	16490	22074.3	0	0	0	0	50756.9	56350.2	0	0	0	0	0	0	0	11140.6	16480	0	0	0	0	0	0	56381.3	61780	0	0	0	0	0	0	0	16537.4	22058.3	27819.7	0	0	45090.6	50702.4	56450.7	0	0	0	0	0	0	0	0	16469.7	0	0	0	0	0	0	56317.9	0	0	0	0	0	0	0	0	16479.1	22099.7	0	0	0	0	50820.4	56325.6	0	0	0	0	0	0	0	0	0	0	0	0	0	0	0	0	0	0	0	0	0
0	0	0	16447.8	0	0	0	0	0	50943.8	56360.4	0	0	0	0	0	0	0	0	16463	22084.2	0	0	0	0	50772.7	56443.7	0	0	0	0	0	0	0	0	16455.7	22105.1	0	0	0	0	50801.7	56407.9	0	0	0	0	0	0	0	11080.1	16465.7	0	0	0	0	0	0	56391.3	61843	0	0	0	0	0	0	0	16479.3	22070	27899.7	0	0	45153.8	50753.1	56516.1	0	0	0	0	0	0	0	11179.2	16448.8	0	0	0	0	0	0	56354.1	0	0	0	0	0	0	0	0	16450.3	22154.4	0	0	0	0	50856.4	56378.1	0	0	0	0	0	0	0	0	0	0	0	0	0	0	0	0	0	0	0	0	0
0	0	0	16487.4	21984.1	0	0	0	0	0	56294.8	61898.7	0	0	0	0	0	0	0	0	21969.4	27719.4	0	0	0	50693.6	56274.2	0	0	0	0	0	0	0	0	16550.6	21969.1	0	0	0	0	50777.3	56268.9	0	0	0	0	0	0	0	0	16458.9	0	0	0	0	0	0	56550.2	61765.4	0	0	0	0	0	0	0	0	21976	27665.8	0	0	45069.9	50629.9	56298.9	0	0	0	0	0	0	0	0	16470.5	22013	0	0	0	0	0	56343.6	61825.2	0	0	0	0	0	0	0	16509.5	21973.6	0	0	0	0	0	56275.1	61996.3	0	0	0	0	0	0	0	0	0	0	0	0	0	0	0	0	0	0	0	0
0	0	0	16446.3	22150.5	0	0	0	0	51013.1	56338	0	0	0	0	0	0	0	0	16470.6	22046.8	0	0	0	0	50750	56393.6	0	0	0	0	0	0	0	0	16459.8	22059.6	0	0	0	0	50788.5	56366.6	0	0	0	0	0	0	0	11125	16452.4	0	0	0	0	0	0	56407.8	61809.3	0	0	0	0	0	0	0	16495.1	22039.5	27828.9	0	0	45131.4	50720.8	56450.2	0	0	0	0	0	0	0	0	16443.9	0	0	0	0	0	0	56344.2	0	0	0	0	0	0	0	0	16451.3	22087.8	0	0	0	0	50861.2	56346.4	0	0	0	0	0	0	0	0	0	0	0	0	0	0	0	0	0	0	0	0	0
0	0	0	16437.1	0	0	0	0	0	50957.4	56378.9	0	0	0	0	0	0	0	0	16448.1	22090.7	0	0	0	0	50791.7	56463.8	0	0	0	0	0	0	0	0	16442.4	22116.4	0	0	0	0	50820.5	56428.1	0	0	0	0	0	0	0	11059.7	16457.4	0	0	0	0	0	0	56400.6	61872.8	0	0	0	0	0	0	0	16460.7	22072.5	27941.8	0	0	45180.6	50771.5	56534.5	0	0	0	0	0	0	0	11136	16439	0	0	0	0	0	0	56370.3	0	0	0	0	0	0	0	0	16438.5	22182.7	0	0	0	0	50873.9	56397.7	0	0	0	0	0	0	0	0	0	0	0	0	0	0	0	0	0	0	0	0	0
0	0	0	16466.3	21955.6	0	0	0	0	0	56321.4	61902.5	0	0	0	0	0	0	0	0	21942.1	27709	0	0	0	50728.9	56283.9	0	0	0	0	0	0	0	0	16526.1	21942.1	0	0	0	0	50849.7	56284	0	0	0	0	0	0	0	0	16437.6	0	0	0	0	0	0	0	61790.2	0	0	0	0	0	0	0	0	21947.2	27648.9	0	0	0	50647.9	56299.7	0	0	0	0	0	0	0	0	16450	21980.3	0	0	0	0	0	56377.5	61840.8	0	0	0	0	0	0	0	16487.2	21946.2	0	0	0	0	0	56296.1	61975.2	0	0	0	0	0	0	0	0	0	0	0	0	0	0	0	0	0	0	0	0
0	0	0	16596.7	21992.5	0	0	0	0	0	56231.7	61790.9	0	0	0	0	0	0	0	0	22000	27651	0	0	0	50605.4	56195.8	0	0	0	0	0	0	0	0	0	21992.8	27684.2	0	0	0	50686.4	56192.5	61997.5	0	0	0	0	0	0	0	16523.8	22114.5	0	0	0	0	0	0	61714.8	0	0	0	0	0	0	0	0	22019.3	27630.2	33413.1	39263.5	44929	50547	56221.1	0	0	0	0	0	0	0	0	16553.4	22006.2	0	0	0	0	0	56299.9	61739	0	0	0	0	0	0	0	16707.2	21989.8	27789.2	0	0	0	0	56203.6	61857.3	0	0	0	0	0	0	0	0	0	0	0	0	0	0	0	0	0	0	0	0
0	0	0	16493.4	22129.4	0	0	0	0	50913.3	56288.9	0	0	0	0	0	0	0	0	16537.1	22063.7	27899.6	0	0	0	50696.8	56355.1	0	0	0	0	0	0	0	0	16517.4	22071.4	0	0	0	0	50729.2	56322.7	0	0	0	0	0	0	0	11171.2	16496.1	0	0	0	0	0	0	56370.9	61750.5	0	0	0	0	0	0	0	16591	22062.9	27795.2	33720.6	0	45054.6	50676.6	56425.9	0	0	0	0	0	0	0	0	16488.1	0	0	0	0	0	0	56295.9	61960.9	0	0	0	0	0	0	0	16502.4	22090.8	0	0	0	0	50793.6	56298.8	0	0	0	0	0	0	0	0	0	0	0	0	0	0	0	0	0	0	0	0	0
0	0	0	16559.1	22157.3	0	0	0	0	50787.9	56230.8	0	0	0	0	0	0	0	0	16633.1	22109.8	27851.8	0	0	45080.2	50640.7	56331.4	0	0	0	0	0	0	0	0	16597.6	22113.2	27970.8	0	0	0	50660.3	56283.9	0	0	0	0	0	0	0	11212	16562	0	0	0	0	0	0	56306.4	61680.8	0	0	0	0	0	0	0	0	22116.6	27798.3	33587.3	39335.6	44986	50638.4	56453	0	0	0	0	0	0	0	0	16550.8	22303.8	0	0	0	0	0	56231.6	61892	0	0	0	0	0	0	0	16573.2	22127.2	0	0	0	0	50706.4	56248.3	0	0	0	0	0	0	0	0	0	0	0	0	0	0	0	0	0	0	0	0	0
0	0	0	16550.7	22049.9	0	0	0	0	0	56229.3	61885.4	0	0	0	0	0	0	0	0	22037.3	27738.8	0	0	0	50621.5	56248.4	0	0	0	0	0	0	0	0	16634.9	22034.8	27799.4	0	0	0	50668.8	56229.3	0	0	0	0	0	0	0	11330	16520.7	0	0	0	0	0	0	56428.7	61699.1	0	0	0	0	0	0	0	0	22049.9	27702.6	33502.3	39309.9	44958.9	50588.8	56298.2	0	0	0	0	0	0	0	0	16530.7	22084.8	0	0	0	0	0	56263.7	61777	0	0	0	0	0	0	0	16578.4	22038.3	0	0	0	0	50771.6	56221.6	0	0	0	0	0	0	0	0	0	0	0	0	0	0	0	0	0	0	0	0	0
0	0	0	16455	22032	0	0	0	0	0	56314	62036.1	0	0	0	0	0	0	0	16506.6	21993.8	27835	0	0	0	50721.4	56324.9	0	0	0	0	0	0	0	0	16483.3	21998.1	0	0	0	0	50782.2	56311.2	0	0	0	0	0	0	0	11242.5	16444.2	0	0	0	0	0	0	56462.6	61782	0	0	0	0	0	0	0	16594.5	21994.6	27730.5	0	0	45106.2	50672.6	56360.8	0	0	0	0	0	0	0	0	16446.5	22102.6	0	0	0	0	0	56342.8	61887.7	0	0	0	0	0	0	0	16466	22009.9	0	0	0	0	50928.9	56306.5	0	0	0	0	0	0	0	0	0	0	0	0	0	0	0	0	0	0	0	0	0
0	0	0	16451.5	22229.5	0	0	0	0	50953.6	56344.1	0	0	0	0	0	0	0	0	16471.9	22067.9	0	0	0	0	50756.1	56416	0	0	0	0	0	0	0	0	16462.6	22084	0	0	0	0	50788.5	56383.6	0	0	0	0	0	0	0	11104.3	16463.6	0	0	0	0	0	0	56393.2	61818.3	0	0	0	0	0	0	0	16492.8	22057.9	27859.8	0	0	45134.2	50733.3	56482.4	0	0	0	0	0	0	0	0	16450.7	0	0	0	0	0	0	56343.4	0	0	0	0	0	0	0	0	16455.4	22120.1	0	0	0	0	50849.8	56357.7	0	0	0	0	0	0	0	0	0	0	0	0	0	0	0	0	0	0	0	0	0
0	0	0	16518	22179.2	0	0	0	0	50839.2	56278.2	0	0	0	0	0	0	0	0	16560.2	22098.8	27920.5	0	0	45163.3	50688.5	56377.3	0	0	0	0	0	0	0	0	16540.8	22107.9	0	0	0	0	50710.6	56332.4	0	0	0	0	0	0	0	11161.5	16530	0	0	0	0	0	0	56331.9	61733.9	0	0	0	0	0	0	0	16612	22097.6	27823.8	33677.6	39430.1	45041.5	50681.1	56482.6	0	0	0	0	0	0	0	0	16514.5	0	0	0	0	0	0	56274.7	0	0	0	0	0	0	0	0	16526.2	22131	0	0	0	0	50758.3	56297.2	0	0	0	0	0	0	0	0	0	0	0	0	0	0	0	0	0	0	0	0	0
0	0	0	16551.2	22069.2	0	0	0	0	0	56226.4	61930.3	0	0	0	0	0	0	0	0	22051.6	27760.1	0	0	45154.2	50622.1	56260.2	0	0	0	0	0	0	0	0	16620.8	22049.9	27826.9	0	0	0	50662.9	56236.3	0	0	0	0	0	0	0	11293.5	16527.4	0	0	0	0	0	0	56395.4	61692.7	0	0	0	0	0	0	0	0	22063.4	27721.2	33518	39310	44961.1	50596.1	56318.7	0	0	0	0	0	0	0	0	16533.7	22111.8	0	0	0	0	0	56253.8	61785.8	0	0	0	0	0	0	0	16575.3	22055	0	0	0	0	50748.5	56223.6	0	0	0	0	0	0	0	0	0	0	0	0	0	0	0	0	0	0	0	0	0
0	0	0	16461.5	22104.9	0	0	0	0	0	56315.2	0	0	0	0	0	0	0	0	16497	22036.7	0	0	0	0	50724.4	56361.5	0	0	0	0	0	0	0	0	16481.4	22045.3	0	0	0	0	50765.9	56336.7	0	0	0	0	0	0	0	11162.9	16462	0	0	0	0	0	0	56407.9	61781.9	0	0	0	0	0	0	0	16535.9	22033.8	27790	0	0	45096.5	50693.2	56415.6	0	0	0	0	0	0	0	0	16456.8	0	0	0	0	0	0	56327.5	61961.1	0	0	0	0	0	0	0	16469.1	22065.5	0	0	0	0	50846.3	56319.7	0	0	0	0	0	0	0	0	0	0	0	0	0	0	0	0	0	0	0	0	0
0	0	0	16568	22174.1	0	0	0	0	50768.3	56227.2	0	0	0	0	0	0	0	0	16639.9	22123	27862.7	0	0	45068.1	50639.4	56343.2	0	0	0	0	0	0	0	0	16605.4	22126.7	27975.9	0	0	0	50655.4	56289.2	0	0	0	0	0	0	0	11209.2	16575	0	0	0	0	0	0	56291	61673.5	0	0	0	0	0	0	0	0	22129.9	27810	33591	39331.8	44984.9	50642.1	56518.3	0	0	0	0	0	0	0	0	16560.6	0	0	0	0	0	0	56223.7	0	0	0	0	0	0	0	0	16581.6	22141.8	0	0	0	0	50696.1	56248.6	0	0	0	0	0	0	0	0	0	0	0	0	0	0	0	0	0	0	0	0	0
0	0	0	16543.7	22141.7	0	0	0	0	50819.4	56241.9	0	0	0	0	0	0	0	0	16613.7	22094.1	27848	0	0	45108.3	50649.7	56328	0	0	0	0	0	0	0	0	16580.4	22097.8	0	0	0	0	50673.7	56286.5	0	0	0	0	0	0	0	11208.4	16544.2	0	0	0	0	0	0	56326.3	61695.7	0	0	0	0	0	0	0	0	22099.6	27789.2	33595.1	39354.1	44996.1	50641.6	56425.8	0	0	0	0	0	0	0	0	16535.4	22281.2	0	0	0	0	0	56246.4	61884.6	0	0	0	0	0	0	0	16557.2	22112	0	0	0	0	50726.2	56255.8	0	0	0	0	0	0	0	0	0	0	0	0	0	0	0	0	0	0	0	0	0
0	0	0	16506.5	22147.1	0	0	0	0	50873.4	56280.4	0	0	0	0	0	0	0	0	16551.8	22078.7	27899.2	0	0	45200	50688.8	56359.2	0	0	0	0	0	0	0	0	16531.2	22086.5	0	0	0	0	50716.7	56322	0	0	0	0	0	0	0	11170.6	16512.1	0	0	0	0	0	0	56352.6	61739.1	0	0	0	0	0	0	0	16608.9	22078.3	27804.1	33678.7	39453.9	45043.3	50674.3	56441.9	0	0	0	0	0	0	0	0	16501.6	0	0	0	0	0	0	56283.5	0	0	0	0	0	0	0	0	16515.7	22106.5	0	0	0	0	50773.7	56293.7	0	0	0	0	0	0	0	0	0	0	0	0	0	0	0	0	0	0	0	0	0
0	0	0	16494.3	22210.5	0	0	0	0	50870.7	56307.8	0	0	0	0	0	0	0	0	16524	22095.4	0	0	0	45226.6	50718.4	56405.3	0	0	0	0	0	0	0	0	16510.3	22108.5	0	0	0	0	50741.9	56362.1	0	0	0	0	0	0	0	11130.6	16510.7	0	0	0	0	0	0	56349.1	61770.4	0	0	0	0	0	0	0	16556.8	22089.4	27846.5	0	0	45078.3	50707.9	56501.4	0	0	0	0	0	0	0	0	16493.1	0	0	0	0	0	0	56301.8	0	0	0	0	0	0	0	0	16499.9	22139.2	0	0	0	0	50790.5	56327.5	0	0	0	0	0	0	0	0	0	0	0	0	0	0	0	0	0	0	0	0	0
0	0	0	16438.5	0	0	0	0	0	50952.8	56381.8	0	0	0	0	0	0	0	0	16448.7	22096.6	0	0	0	0	50794.2	56470.7	0	0	0	0	0	0	0	0	16443.3	22123.9	0	0	0	0	50821.8	56433.7	0	0	0	0	0	0	0	11055.3	16460.7	0	0	0	0	0	0	56398.7	61879.2	0	0	0	0	0	0	0	16460.8	22077.3	27953.9	0	0	45182.5	50775.4	56544.1	0	0	0	0	0	0	0	11124.4	16440.9	0	0	0	0	0	0	56371.5	0	0	0	0	0	0	0	0	16439.6	22197.4	0	0	0	0	50873.2	56401.9	0	0	0	0	0	0	0	0	0	0	0	0	0	0	0	0	0	0	0	0	0
0	0	0	16430.8	22030.6	0	0	0	0	0	56337.1	0	0	0	0	0	0	0	0	16468	21984.4	0	0	0	0	50750.2	56345.4	0	0	0	0	0	0	0	0	16451.8	21990.5	0	0	0	0	50815.4	56333.2	0	0	0	0	0	0	0	11220	16423.3	0	0	0	0	0	0	56475.2	61806.1	0	0	0	0	0	0	0	16510.4	21982.8	27745.2	0	0	45169.8	50696.5	56377.7	0	0	0	0	0	0	0	0	16424.4	22133.7	0	0	0	0	0	56364.6	61918.9	0	0	0	0	0	0	0	16439.1	22004.7	0	0	0	0	0	56329.4	0	0	0	0	0	0	0	0	0	0	0	0	0	0	0	0	0	0	0	0	0
0	0	0	16555.4	21950.2	0	0	0	0	0	56282.2	61819.3	0	0	0	0	0	0	0	0	21953.3	27631.4	0	0	0	50666.6	56221.8	0	0	0	0	0	0	0	0	0	21948.6	27674	0	0	0	50814.4	56226.3	61951.7	0	0	0	0	0	0	0	16487.2	22044.2	0	0	0	0	0	0	61758.7	0	0	0	0	0	0	0	0	21966.5	27603.5	33441.8	0	45027.5	50582	56233.7	0	0	0	0	0	0	0	0	16515.9	21962.4	0	0	0	0	0	56362.2	61776.9	0	0	0	0	0	0	0	16644.2	21947.1	0	0	0	0	0	56246	61871.2	0	0	0	0	0	0	0	0	0	0	0	0	0	0	0	0	0	0	0	0
0	0	0	16529.4	22103	0	0	0	0	50893.7	56248	0	0	0	0	0	0	0	0	16609.5	22065.6	27817.6	0	0	45157.9	50651.4	56306.1	0	0	0	0	0	0	0	0	16570.7	22068.1	0	0	0	0	50684.4	56275	0	0	0	0	0	0	0	11227.3	16521.4	0	0	0	0	0	0	56362.6	61708	0	0	0	0	0	0	0	0	22071.8	27760.4	33583	39367.4	44997.9	50632.5	56377.5	0	0	0	0	0	0	0	0	16518.9	22183.3	0	0	0	0	0	56262.4	61847.2	0	0	0	0	0	0	0	16544.8	22079.3	0	0	0	0	50752.5	56253.8	0	0	0	0	0	0	0	0	0	0	0	0	0	0	0	0	0	0	0	0	0
0	0	0	16541.5	22093.9	0	0	0	0	50908.1	56235.3	0	0	0	0	0	0	0	0	16645.8	22064.8	27796	0	0	45133.6	50636.5	56287.8	0	0	0	0	0	0	0	0	16591.9	22065.5	27889.8	0	0	0	50670.8	56258.1	0	0	0	0	0	0	0	11249.7	16528.2	0	0	0	0	0	0	56365.9	61696.6	0	0	0	0	0	0	0	0	22073.5	27748	33554.5	39336.6	44979.7	50616.9	56357.2	0	0	0	0	0	0	0	0	16528.5	22155.9	0	0	0	0	0	56253.4	61818.4	0	0	0	0	0	0	0	16559.9	22074.2	0	0	0	0	50741.9	56238.9	0	0	0	0	0	0	0	0	0	0	0	0	0	0	0	0	0	0	0	0	0
0	0	0	16545.5	22099.4	0	0	0	0	50879.8	56232	0	0	0	0	0	0	0	0	16650.3	22069.9	27798.8	0	0	45118.6	50633.8	56288.5	0	0	0	0	0	0	0	0	16596.1	22070.5	27889.2	0	0	0	50666.4	56257.3	0	0	0	0	0	0	0	11248.1	16532.9	0	0	0	0	0	0	56358.7	61692.4	0	0	0	0	0	0	0	0	22078.9	27751.7	33553.3	39330.2	44976.6	50616.1	56361.3	0	0	0	0	0	0	0	0	16532.6	22162.9	0	0	0	0	0	56248.8	61817.6	0	0	0	0	0	0	0	16564	22079.3	0	0	0	0	50734.6	56236.7	0	0	0	0	0	0	0	0	0	0	0	0	0	0	0	0	0	0	0	0	0
0	0	0	16562.6	22211.7	0	0	0	0	50767.3	56246.7	0	0	0	0	0	0	0	0	16615.4	22137.7	27905.3	0	0	45086.4	50661.4	56389.4	0	0	0	0	0	0	0	0	16590.4	22145	0	0	0	45223.4	50673.1	56324.2	0	0	0	0	0	0	0	11182.6	16582	0	0	0	0	0	0	56282	61689.9	0	0	0	0	0	0	0	16692.3	22140.3	27838.6	33629.6	39362.6	45009.2	50669	0	0	0	0	0	0	0	0	11322.6	16559	0	0	0	0	0	50961.4	56234.3	0	0	0	0	0	0	0	0	16572.4	22166.3	0	0	0	0	50706.9	56275	0	0	0	0	0	0	0	0	0	0	0	0	0	0	0	0	0	0	0	0	0
0	0	0	16493.5	22162.3	0	0	0	0	50887.5	56296.9	0	0	0	0	0	0	0	0	16530	22078.3	27950.4	0	0	45245.1	50706.3	56377.3	0	0	0	0	0	0	0	0	16513.4	22088.3	0	0	0	0	50734.4	56340.2	0	0	0	0	0	0	0	11151.1	16502.3	0	0	0	0	0	0	56359.3	61758.2	0	0	0	0	0	0	0	16571.6	22075.2	27818.7	0	0	45065.2	50690.8	56458.4	0	0	0	0	0	0	0	0	16490	0	0	0	0	0	0	56297.8	0	0	0	0	0	0	0	0	16500.8	22112.3	0	0	0	0	50790.7	56311.3	0	0	0	0	0	0	0	0	0	0	0	0	0	0	0	0	0	0	0	0	0
0	0	0	16489.3	22186	0	0	0	0	50885.4	56306.5	0	0	0	0	0	0	0	0	16520.7	22084.6	0	0	0	45251.9	50716.7	56393.5	0	0	0	0	0	0	0	0	16506.4	22096.6	0	0	0	0	50743.1	56354.3	0	0	0	0	0	0	0	11136.7	16501.8	0	0	0	0	0	0	56358	61769.5	0	0	0	0	0	0	0	16555.3	22079.5	27834.5	0	0	45077.6	50702.7	56478.7	0	0	0	0	0	0	0	0	16487.2	0	0	0	0	0	0	56304.2	0	0	0	0	0	0	0	0	16495.4	22124.5	0	0	0	0	50796.3	56323.2	0	0	0	0	0	0	0	0	0	0	0	0	0	0	0	0	0	0	0	0	0
0	0	0	16475.8	0	0	0	0	0	50890.9	56347.7	0	0	0	0	0	0	0	0	16492.1	22112.6	0	0	0	45289.2	50758.4	56458.9	0	0	0	0	0	0	0	0	16483.8	22134.3	0	0	0	0	50779.5	56412	0	0	0	0	0	0	0	11085.3	16503	0	0	0	0	0	0	56360.6	61827.1	0	0	0	0	0	0	0	16511.1	22098.4	27905.5	0	0	45126.9	50749.2	56563.3	0	0	0	0	0	0	0	11158.5	16478.1	0	0	0	0	0	0	56333.6	0	0	0	0	0	0	0	0	16478	22186.8	0	0	0	0	50822.6	56372.6	0	0	0	0	0	0	0	0	0	0	0	0	0	0	0	0	0	0	0	0	0
0	0	0	16544.8	21928.5	0	0	0	0	0	56306.6	61827.8	0	0	0	0	0	0	0	0	21931.3	27616.9	0	0	0	50701.3	56231.1	62026.5	0	0	0	0	0	0	0	0	21927.1	27662.1	0	0	0	0	56240.1	61937.8	0	0	0	0	0	0	0	16473.8	22003.9	0	0	0	0	0	0	61779.1	0	0	0	0	0	0	0	0	21942.6	27587.2	33457.4	0	0	50597.4	56236.4	0	0	0	0	0	0	0	0	16503.8	21939	0	0	0	0	0	56396.6	61791.3	0	0	0	0	0	0	0	0	21925.9	0	0	0	0	0	56265	61872.2	0	0	0	0	0	0	0	0	0	0	0	0	0	0	0	0	0	0	0	0
0	0	0	16531.9	22188.4	0	0	0	0	50815.2	56267.8	0	0	0	0	0	0	0	0	16577.6	22110.5	27911.9	0	0	45134.3	50679	56378.5	0	0	0	0	0	0	0	0	16556.4	22119	0	0	0	0	50697.9	56328.4	0	0	0	0	0	0	0	11168.2	16545.9	0	0	0	0	0	0	56316.5	61719.9	0	0	0	0	0	0	0	16636.5	22110.4	27827.2	33656.2	39402.3	45029.8	50676.1	56507	0	0	0	0	0	0	0	0	16528.3	0	0	0	0	0	0	56261.8	0	0	0	0	0	0	0	0	16540.7	22141.4	0	0	0	0	50741.3	56289.4	0	0	0	0	0	0	0	0	0	0	0	0	0	0	0	0	0	0	0	0	0
0	0	0	16592.9	22053.1	0	0	0	0	0	56198.4	61823.9	0	0	0	0	0	0	0	0	22052.5	27714.8	0	0	45091.4	50584.3	56213.1	0	0	0	0	0	0	0	0	0	22046.3	27754	0	0	0	50630.4	56194.3	0	0	0	0	0	0	0	11392.4	16547.7	0	0	0	0	0	0	56450.3	61673.4	0	0	0	0	0	0	0	0	22072	27691.2	33455	39238.8	44913.4	50554.4	56264.6	0	0	0	0	0	0	0	0	16564.2	22078.6	0	0	0	0	0	56238.8	61733.6	0	0	0	0	0	0	0	16635.9	22045.8	0	0	0	0	50732.5	56188	0	0	0	0	0	0	0	0	0	0	0	0	0	0	0	0	0	0	0	0	0
0	0	0	16546.9	22088	0	0	0	0	0	56229.9	0	0	0	0	0	0	0	0	16671.3	22063	27784.8	0	0	45126.5	50629.6	56278.1	0	0	0	0	0	0	0	0	16603	22062.8	27865.4	0	0	0	50665.1	56249.6	0	0	0	0	0	0	0	11262.6	16530.4	0	0	0	0	0	0	56370.7	61692.4	0	0	0	0	0	0	0	0	22073	27740.7	33540.9	39323.4	44971.2	50608.9	56345.3	0	0	0	0	0	0	0	0	16532.4	22142.7	0	0	0	0	0	56250.4	61805.1	0	0	0	0	0	0	0	16567.1	22070.2	0	0	0	0	50738.9	56231.9	0	0	0	0	0	0	0	0	0	0	0	0	0	0	0	0	0	0	0	0	0
0	0	0	16487.5	22181	0	0	0	0	50890.3	56306.9	0	0	0	0	0	0	0	0	16519.2	22081.8	0	0	0	45264.6	50717	56391.3	0	0	0	0	0	0	0	0	16504.8	22093.6	0	0	0	0	50744.2	56353.1	0	0	0	0	0	0	0	11137.7	16499.3	0	0	0	0	0	0	56360.7	61770.1	0	0	0	0	0	0	0	16553.9	22076.8	27832.1	0	0	45078.3	50702	56474	0	0	0	0	0	0	0	0	16485.2	0	0	0	0	0	0	56305.4	0	0	0	0	0	0	0	0	16493.7	22121.1	0	0	0	0	50798.7	56322.9	0	0	0	0	0	0	0	0	0	0	0	0	0	0	0	0	0	0	0	0	0
0	0	0	16674.3	22019.3	0	0	0	0	0	56186.1	61740	0	0	0	0	0	0	0	0	22039.9	27646.6	33493.1	0	0	50549.4	56154.7	0	0	0	0	0	0	0	0	0	22027.5	27667.7	0	0	0	50616.7	56148.7	61944	0	0	0	0	0	0	0	16566.7	22110.5	0	0	0	0	0	0	61679	67189.9	0	0	0	0	0	0	0	22071.7	27636.5	33372.7	39162.6	44860.9	50502.6	56186.5	0	0	0	0	0	0	0	0	16607	22028.9	0	0	0	0	0	56258	61691.6	0	0	0	0	0	0	0	0	22020	27721.1	0	0	0	0	56158.1	61805.2	0	0	0	0	0	0	0	0	0	0	0	0	0	0	0	0	0	0	0	0
0	0	0	16574	22010.4	0	0	0	0	0	56229.2	61815.8	0	0	0	0	0	0	0	0	22011.6	27680.8	0	0	0	50609.8	56212.9	0	0	0	0	0	0	0	0	0	22006	27721.8	0	0	0	50676.4	56204.2	0	0	0	0	0	0	0	0	16520.2	0	0	0	0	0	0	0	61707.9	0	0	0	0	0	0	0	0	22028.3	27655	33444.9	39281	44939.1	50561.2	56246.1	0	0	0	0	0	0	0	0	16541.9	22029.9	0	0	0	0	0	56284	61749.5	0	0	0	0	0	0	0	16625	22005.1	0	0	0	0	0	56208.6	61904.9	0	0	0	0	0	0	0	0	0	0	0	0	0	0	0	0	0	0	0	0
0	0	0	16511.8	21979.3	0	0	0	0	0	56280.9	61866	0	0	0	0	0	0	0	0	21971.2	27690.8	0	0	0	50673.4	56252.9	0	0	0	0	0	0	0	0	16620	21969.2	27763.6	0	0	0	50761.2	56249.1	0	0	0	0	0	0	0	0	16473.5	0	0	0	0	0	0	0	61753.8	0	0	0	0	0	0	0	0	21980.4	27649.1	33521.8	0	45033.9	50608.3	56276	0	0	0	0	0	0	0	0	16489.6	22002	0	0	0	0	0	56336.3	61801.5	0	0	0	0	0	0	0	16542.4	21971.4	0	0	0	0	0	56257.8	61946.7	0	0	0	0	0	0	0	0	0	0	0	0	0	0	0	0	0	0	0	0
0	0	0	16551.6	22283.5	0	0	0	0	50781.4	56281.1	0	0	0	0	0	0	0	0	16585.2	22154.2	27979.2	0	0	45121.4	50696	56459.3	0	0	0	0	0	0	0	0	16568.7	22167.6	0	0	0	45244.2	50703.9	56377.3	0	0	0	0	0	0	0	11146.5	16588.1	0	0	0	0	0	0	56283.5	61727.9	0	0	0	0	0	0	0	16627	22150	27877.6	33691.8	39412.6	45046.6	50707.4	0	0	0	0	0	0	0	0	11224.1	16552.9	0	0	0	0	0	50907.2	56258.4	0	0	0	0	0	0	0	0	16556.9	22201	0	0	0	0	50731.3	56317.7	0	0	0	0	0	0	0	0	0	0	0	0	0	0	0	0	0	0	0	0	0
0	0	0	16515.1	22129.4	0	0	0	0	50873.9	56267.4	0	0	0	0	0	0	0	0	16570.5	22074.2	27864.8	0	0	45180.9	50674.4	56339.4	0	0	0	0	0	0	0	0	16545	22079.9	0	0	0	0	50703.8	56304.1	0	0	0	0	0	0	0	11190.6	16516	0	0	0	0	0	0	56353.8	61725.7	0	0	0	0	0	0	0	16658.4	22076.3	27787.7	33637.4	39416.6	45025.8	50658.6	56418.5	0	0	0	0	0	0	0	0	16508.3	0	0	0	0	0	0	56274.3	61915.7	0	0	0	0	0	0	0	16526.3	22096.3	0	0	0	0	50764.1	56278.2	0	0	0	0	0	0	0	0	0	0	0	0	0	0	0	0	0	0	0	0	0
0	0	0	16560.5	22142.9	0	0	0	0	50795.4	56225.3	0	0	0	0	0	0	0	0	16645.1	22102.6	27835	0	0	45076.7	50633.3	56315.3	0	0	0	0	0	0	0	0	16603.7	22104.7	27932.7	0	0	0	50655.4	56271.7	0	0	0	0	0	0	0	11224.1	16558.5	0	0	0	0	0	0	56314.5	61677.6	0	0	0	0	0	0	0	0	22110.8	27785.9	33572.3	39324.8	44977.4	50628.3	56422.1	0	0	0	0	0	0	0	0	16550.6	22240.3	0	0	0	0	0	56230.2	61852	0	0	0	0	0	0	0	16576.3	22116.6	0	0	0	0	50705.6	56239.7	0	0	0	0	0	0	0	0	0	0	0	0	0	0	0	0	0	0	0	0	0
0	0	0	16523.1	22023.9	0	0	0	0	0	56256.3	61891.7	0	0	0	0	0	0	0	0	22009.4	27731.5	0	0	0	50649.3	56259.4	0	0	0	0	0	0	0	0	16596.1	22008.1	27809.6	0	0	0	50708.1	56246	0	0	0	0	0	0	0	0	16494	0	0	0	0	0	0	56472.3	61727.1	0	0	0	0	0	0	0	0	22019	27688.1	33525.8	0	44994.4	50605.2	56298.1	0	0	0	0	0	0	0	0	16504.6	22057.2	0	0	0	0	0	56296	61798.5	0	0	0	0	0	0	0	16548	22012.3	0	0	0	0	50853.8	56243.9	0	0	0	0	0	0	0	0	0	0	0	0	0	0	0	0	0	0	0	0	0
0	0	0	16536.9	22027.2	0	0	0	0	0	56245.1	61875.2	0	0	0	0	0	0	0	0	22015.9	27723.8	0	0	0	50635.9	56248.8	0	0	0	0	0	0	0	0	16624.8	22013.5	27788.6	0	0	0	50692.9	56234.9	0	0	0	0	0	0	0	0	16504.2	0	0	0	0	0	0	56472.4	61716.9	0	0	0	0	0	0	0	0	22027.2	27685.6	33504.7	39360.4	44976.1	50593.8	56289.1	0	0	0	0	0	0	0	0	16516.3	22058	0	0	0	0	0	56285.9	61784.6	0	0	0	0	0	0	0	16565.2	22016.7	0	0	0	0	50830.5	56232.5	0	0	0	0	0	0	0	0	0	0	0	0	0	0	0	0	0	0	0	0	0
0	0	0	16497.2	22003.4	0	0	0	0	0	56281.4	61904.8	0	0	0	0	0	0	0	0	21986.7	27732.1	0	0	0	50678.1	56273	0	0	0	0	0	0	0	0	16558	21986.5	27855.3	0	0	0	50748.3	56263.8	0	0	0	0	0	0	0	0	16470.5	0	0	0	0	0	0	56505.5	61751.8	0	0	0	0	0	0	0	0	21993.8	27679.9	33573.9	0	45038.3	50623.9	56304	0	0	0	0	0	0	0	0	16480.7	22036.4	0	0	0	0	0	56324.5	61820.2	0	0	0	0	0	0	0	16518.7	21991.5	0	0	0	0	0	56265.7	0	0	0	0	0	0	0	0	0	0	0	0	0	0	0	0	0	0	0	0	0
0	0	0	16493.8	22046.5	0	0	0	0	0	56277.9	61998	0	0	0	0	0	0	0	16574.1	22016.4	27788.8	0	0	0	50678.8	56298.3	0	0	0	0	0	0	0	0	16534.9	22018.6	0	0	0	0	50730.3	56280.5	0	0	0	0	0	0	0	11260.6	16478.6	0	0	0	0	0	0	56433.8	61744.7	0	0	0	0	0	0	0	0	22021.1	27723.3	33618.9	0	45035.4	50639.9	56342.9	0	0	0	0	0	0	0	0	16482.2	22102.6	0	0	0	0	0	56306	61846.5	0	0	0	0	0	0	0	16509.3	22027.7	0	0	0	0	50840.2	56272.4	0	0	0	0	0	0	0	0	0	0	0	0	0	0	0	0	0	0	0	0	0
0	0	0	16617.8	22031.2	0	0	0	0	0	56195.5	61781	0	0	0	0	0	0	0	0	22040.2	27679.2	0	0	0	50571.4	56186.5	0	0	0	0	0	0	0	0	0	22031.5	27709.4	0	0	0	50628.3	56174.6	0	0	0	0	0	0	0	0	16551	0	0	0	0	0	0	0	61678.6	0	0	0	0	0	0	0	0	22063.9	27661.8	33416.5	39208.7	44893.1	50532.1	56226.6	0	0	0	0	0	0	0	0	16577.2	22048.1	0	0	0	0	0	56250.2	61714.9	0	0	0	0	0	0	0	16695.8	22027.9	27795.4	0	0	0	50775.2	56176.4	61873.5	0	0	0	0	0	0	0	0	0	0	0	0	0	0	0	0	0	0	0	0
0	0	0	16468.5	22059	0	0	0	0	0	56302.1	0	0	0	0	0	0	0	0	16519.6	22015.2	27846.8	0	0	0	50708.1	56328.4	0	0	0	0	0	0	0	0	16496.6	22020.2	0	0	0	0	50758.5	56309.5	0	0	0	0	0	0	0	11214.4	16460.5	0	0	0	0	0	0	56431.4	61768.7	0	0	0	0	0	0	0	16598	22016	27747.6	0	0	45077.8	50668.9	56373.1	0	0	0	0	0	0	0	0	16460.6	22152.3	0	0	0	0	0	56324.7	61892.1	0	0	0	0	0	0	0	16479.3	22033.5	0	0	0	0	50862.4	56299.5	0	0	0	0	0	0	0	0	0	0	0	0	0	0	0	0	0	0	0	0	0
0	0	0	16528.5	21988.6	0	0	0	0	0	56266.2	61852.9	0	0	0	0	0	0	0	0	21982.6	27687.7	0	0	0	50654.8	56242	0	0	0	0	0	0	0	0	0	21979.7	27748.2	0	0	0	50734.9	56236.7	0	0	0	0	0	0	0	0	16486.6	0	0	0	0	0	0	0	61740.6	0	0	0	0	0	0	0	0	21993.6	27650.9	33493.4	0	45002.2	50594.9	56268.2	0	0	0	0	0	0	0	0	16504	22010.6	0	0	0	0	0	56321.1	61787.3	0	0	0	0	0	0	0	16563.4	21981.2	0	0	0	0	0	56244	61937	0	0	0	0	0	0	0	0	0	0	0	0	0	0	0	0	0	0	0	0
0	0	0	16507.4	22215.7	0	0	0	0	50848.1	56298	0	0	0	0	0	0	0	0	16539.7	22105.5	27993.2	0	0	45190	50708.9	56405.9	0	0	0	0	0	0	0	0	16524.6	22118	0	0	0	0	50729.6	56358.2	0	0	0	0	0	0	0	11137.4	16525.8	0	0	0	0	0	0	56335	61757	0	0	0	0	0	0	0	16576.3	22100.5	27847.3	33746.7	39477.6	45065.5	50702.5	56518.9	0	0	0	0	0	0	0	11273	16506.2	0	0	0	0	0	0	56289.8	0	0	0	0	0	0	0	0	16513.4	22147.8	0	0	0	0	50774.1	56320.1	0	0	0	0	0	0	0	0	0	0	0	0	0	0	0	0	0	0	0	0	0
0	0	0	16431	21989	0	0	0	0	0	56338.9	61982.2	0	0	0	0	0	0	0	16480.8	21958.1	27829	0	0	0	50753.6	56325.9	0	0	0	0	0	0	0	0	16458.4	21961.7	0	0	0	0	50839.9	56319.9	0	0	0	0	0	0	0	0	16417.5	0	0	0	0	0	0	56520	61807.2	0	0	0	0	0	0	0	16584.9	21958.7	27705	0	0	0	50685.8	56349.1	0	0	0	0	0	0	0	0	16422.3	22038.9	0	0	0	0	0	56377.7	61890.5	0	0	0	0	0	0	0	16441.7	21971.4	0	0	0	0	0	56323.6	0	0	0	0	0	0	0	0	0	0	0	0	0	0	0	0	0	0	0	0	0
0	0	0	16427.8	22036.3	0	0	0	0	0	56340.1	0	0	0	0	0	0	0	0	16462.3	21986.6	0	0	0	0	50754	56350.7	0	0	0	0	0	0	0	0	16447.4	21993.2	0	0	0	0	50817.8	56337.9	0	0	0	0	0	0	0	11207.9	16421.4	0	0	0	0	0	0	56472.4	61809.6	0	0	0	0	0	0	0	16499.9	21984.4	27752.6	0	0	45175.8	50701.2	56383.7	0	0	0	0	0	0	0	0	16422	0	0	0	0	0	0	56366.3	61927.6	0	0	0	0	0	0	0	16435.5	22008.4	0	0	0	0	50988.2	56333.4	0	0	0	0	0	0	0	0	0	0	0	0	0	0	0	0	0	0	0	0	0
0	0	0	16498	22152.3	0	0	0	0	50885	56290	0	0	0	0	0	0	0	0	16538.3	22076.6	27922.6	0	0	45230.5	50698.9	56368.2	0	0	0	0	0	0	0	0	16520	22085.5	0	0	0	0	50727.4	56331.6	0	0	0	0	0	0	0	11160.3	16505	0	0	0	0	0	0	56358.2	61750.4	0	0	0	0	0	0	0	16585.9	22074.7	27810.5	33721.6	39508.6	45056.1	50683.2	56448.4	0	0	0	0	0	0	0	0	16493.8	0	0	0	0	0	0	56292.4	0	0	0	0	0	0	0	0	16506.1	22107.5	0	0	0	0	50784.9	56303.5	0	0	0	0	0	0	0	0	0	0	0	0	0	0	0	0	0	0	0	0	0
0	0	0	16451	22056.4	0	0	0	0	0	56318.9	0	0	0	0	0	0	0	0	16492.5	22006.9	27900.6	0	0	0	50727.9	56341.8	0	0	0	0	0	0	0	0	16474.2	22013.1	0	0	0	0	50781.5	56324.6	0	0	0	0	0	0	0	11200.9	16444.9	0	0	0	0	0	0	56443.5	61786.7	0	0	0	0	0	0	0	16542.6	22005.9	27755.3	0	0	45111.1	50684.8	56382.9	0	0	0	0	0	0	0	0	16444.4	0	0	0	0	0	0	56341.3	61914.4	0	0	0	0	0	0	0	16460	22028.2	0	0	0	0	50894	56315.7	0	0	0	0	0	0	0	0	0	0	0	0	0	0	0	0	0	0	0	0	0
0	0	0	16488.5	22209.8	0	0	0	0	50881.1	56312.5	0	0	0	0	0	0	0	0	16516.8	22091.3	0	0	0	45248.3	50723.1	56406	0	0	0	0	0	0	0	0	16503.7	22104.8	0	0	0	0	50747.9	56364.6	0	0	0	0	0	0	0	11127.2	16504.1	0	0	0	0	0	0	56355.2	61776.7	0	0	0	0	0	0	0	16547.8	22084.7	27847.1	0	0	45084.8	50710.8	56496.6	0	0	0	0	0	0	0	0	16487.2	0	0	0	0	0	0	56307.4	0	0	0	0	0	0	0	0	16493.8	22136	0	0	0	0	50798.2	56331.3	0	0	0	0	0	0	0	0	0	0	0	0	0	0	0	0	0	0	0	0	0
0	0	0	16542.9	22028.1	0	0	0	0	0	56240.6	61867.6	0	0	0	0	0	0	0	0	22018.2	27720.3	0	0	0	50630.4	56244.1	0	0	0	0	0	0	0	0	16639.6	22015.5	27780.5	0	0	0	50686.9	56230.1	0	0	0	0	0	0	0	0	16508.3	0	0	0	0	0	0	56474.5	61712.9	0	0	0	0	0	0	0	0	22030.4	27684.1	33496.4	39338.7	44968.8	50588.9	56284.8	0	0	0	0	0	0	0	0	16521.2	22057.8	0	0	0	0	0	56282	61778.7	0	0	0	0	0	0	0	16572.9	22018.2	0	0	0	0	50822.8	56227.8	0	0	0	0	0	0	0	0	0	0	0	0	0	0	0	0	0	0	0	0	0
0	0	0	16505.5	21970.2	0	0	0	0	0	56289.5	61867.7	0	0	0	0	0	0	0	0	21962.2	27686	0	0	0	50684	56255.8	0	0	0	0	0	0	0	0	16615.1	21960.4	27762.8	0	0	0	50781.3	56253.8	0	0	0	0	0	0	0	0	16466.9	0	0	0	0	0	0	0	61761.9	0	0	0	0	0	0	0	0	21970.9	27643	33535.1	0	45056.4	50613.5	56276	0	0	0	0	0	0	0	0	16483.3	21991.8	0	0	0	0	0	56347.6	61806.7	0	0	0	0	0	0	0	16536	21962.6	0	0	0	0	0	56264.5	61942	0	0	0	0	0	0	0	0	0	0	0	0	0	0	0	0	0	0	0	0
0	0	0	16603.7	22051.5	0	0	0	0	0	56192.3	61808.1	0	0	0	0	0	0	0	0	22054.3	27707.2	0	0	45075.1	50575.9	56203.5	0	0	0	0	0	0	0	0	0	22047.1	27742.6	0	0	0	50622.8	56185.5	0	0	0	0	0	0	0	11426.9	16553	0	0	0	0	0	0	56477	61669.5	0	0	0	0	0	0	0	0	22075.7	27686.3	33443.2	39224.3	44902.9	50545.5	56253.9	0	0	0	0	0	0	0	0	16571.9	22074.6	0	0	0	0	0	56235.4	61723.7	0	0	0	0	0	0	0	16653.4	22045.5	27861.9	0	0	0	50728.2	56180.5	0	0	0	0	0	0	0	0	0	0	0	0	0	0	0	0	0	0	0	0	0
0	0	0	16455.5	21974.8	0	0	0	0	0	56321.6	61931.3	0	0	0	0	0	0	0	16543.5	21954.5	27748.6	0	0	0	50729.8	56298.6	0	0	0	0	0	0	0	0	16498.3	21955.9	0	0	0	0	50824.3	56294.8	0	0	0	0	0	0	0	0	16434	0	0	0	0	0	0	56549.2	61790.3	0	0	0	0	0	0	0	0	21958.1	27674.5	0	0	0	50658.9	56319.6	0	0	0	0	0	0	0	0	16442.8	22008.4	0	0	0	0	0	56368.4	61856.1	0	0	0	0	0	0	0	16471.5	21962.2	0	0	0	0	0	56301.9	62030.1	0	0	0	0	0	0	0	0	0	0	0	0	0	0	0	0	0	0	0	0
0	0	0	16529.7	22135.8	0	0	0	0	50844.7	56254.4	0	0	0	0	0	0	0	0	16592	22084.4	27855.3	0	0	45139.3	50661.7	56333.6	0	0	0	0	0	0	0	0	16562.9	22089.1	0	0	0	0	50688.3	56295.3	0	0	0	0	0	0	0	11199.4	16530.5	0	0	0	0	0	0	56339.6	61710.4	0	0	0	0	0	0	0	0	22088.2	27788.4	33613.2	39380.5	45010.2	50649.9	56421.6	0	0	0	0	0	0	0	0	16522.1	0	0	0	0	0	0	56260.1	61900.6	0	0	0	0	0	0	0	16542	22104.5	0	0	0	0	50744.4	56266.9	0	0	0	0	0	0	0	0	0	0	0	0	0	0	0	0	0	0	0	0	0
0	0	0	16668.6	21976.7	0	0	0	0	0	56231.2	61757.3	0	0	0	0	0	0	0	0	21994.1	27612.7	0	0	0	50592.2	56168.5	0	0	0	0	0	0	0	0	0	21984	27636	0	0	0	50699	56171.9	61882.6	0	0	0	0	0	0	0	16539.7	22041.3	0	0	0	0	0	0	61720.9	67226.1	0	0	0	0	0	0	0	22019.3	27599.3	33363.6	39213.1	44903.4	50521.4	56184.7	0	0	0	0	0	0	0	0	16585.5	21984	0	0	0	0	0	56323.1	61721.4	0	0	0	0	0	0	0	0	21977.6	27694.8	0	0	0	0	56192	61805.4	0	0	0	0	0	0	0	0	0	0	0	0	0	0	0	0	0	0	0	0
0	0	0	16478	0	0	0	0	0	50893.1	56329.7	0	0	0	0	0	0	0	0	16500.3	22095.2	0	0	0	45290	50740.7	56426.3	0	0	0	0	0	0	0	0	16489.7	22111.8	0	0	0	0	50765.1	56384.4	0	0	0	0	0	0	0	11107.6	16497.1	0	0	0	0	0	0	56362.1	61799.7	0	0	0	0	0	0	0	16524.5	22085.5	27868.9	0	0	45106.9	50728.1	56516.5	0	0	0	0	0	0	0	11218.9	16478.1	0	0	0	0	0	0	56321.9	0	0	0	0	0	0	0	0	16481.9	22150.1	0	0	0	0	50814	56350	0	0	0	0	0	0	0	0	0	0	0	0	0	0	0	0	0	0	0	0	0
0	0	0	16464.4	22066.2	0	0	0	0	0	56306.7	0	0	0	0	0	0	0	0	16510.6	22017.8	27868.8	0	0	0	50713.8	56336.2	0	0	0	0	0	0	0	0	16490	22023.5	0	0	0	0	50762.8	56316.5	0	0	0	0	0	0	0	11201.7	16458.3	0	0	0	0	0	0	56428.1	61773.4	0	0	0	0	0	0	0	16571.6	22017.7	27756.2	0	0	45085.6	50675.6	56382	0	0	0	0	0	0	0	0	16457.3	22194.3	0	0	0	0	0	56327.3	61905.3	0	0	0	0	0	0	0	16474.3	22038.3	0	0	0	0	50862.4	56305.3	0	0	0	0	0	0	0	0	0	0	0	0	0	0	0	0	0	0	0	0	0
0	0	0	16529.4	21939.5	0	0	0	0	0	56300.5	61837.5	0	0	0	0	0	0	0	0	21939.6	27636.3	0	0	0	50694.1	56237.7	0	0	0	0	0	0	0	0	0	21936.1	27688.3	0	0	0	0	56243.4	61965.9	0	0	0	0	0	0	0	16470.7	22040.6	0	0	0	0	0	0	61773.5	0	0	0	0	0	0	0	0	21950.2	27603.1	33480	0	0	50601.6	56247.2	0	0	0	0	0	0	0	0	16496	21952.7	0	0	0	0	0	56379.5	61794.8	0	0	0	0	0	0	0	16588.3	21935.7	0	0	0	0	0	56264	61888.5	0	0	0	0	0	0	0	0	0	0	0	0	0	0	0	0	0	0	0	0
0	0	0	16476	22180.9	0	0	0	0	50912.4	56317.2	0	0	0	0	0	0	0	0	16504.6	22074.7	0	0	0	0	50727.5	56395.4	0	0	0	0	0	0	0	0	16491.6	22087.3	0	0	0	0	50757	56359.8	0	0	0	0	0	0	0	11130.1	16487.1	0	0	0	0	0	0	56372.2	61783.3	0	0	0	0	0	0	0	16535	22068.6	27835.1	0	0	45093.1	50709.4	56471	0	0	0	0	0	0	0	0	16474	0	0	0	0	0	0	56316.8	0	0	0	0	0	0	0	0	16481.6	22116.2	0	0	0	0	50814.6	56331.7	0	0	0	0	0	0	0	0	0	0	0	0	0	0	0	0	0	0	0	0	0
0	0	0	16568.1	22208.9	0	0	0	0	50760.2	56240.2	0	0	0	0	0	0	0	0	16624.6	22139.6	27898.1	0	0	45077.2	50655.4	56384.1	0	0	0	0	0	0	0	0	16597.7	22146	0	0	0	45205	50666.6	56318	0	0	0	0	0	0	0	11188.9	16586.4	0	0	0	0	0	0	56277.8	61682.3	0	0	0	0	0	0	0	16713.8	22143.3	27836	33620.7	39353.1	45002.6	50663.9	0	0	0	0	0	0	0	0	11339.4	16563.9	0	0	0	0	0	50954.8	56228.2	0	0	0	0	0	0	0	0	16578.6	22166.2	0	0	0	0	50700	56268.6	0	0	0	0	0	0	0	0	0	0	0	0	0	0	0	0	0	0	0	0	0
0	0	0	16445.8	21960.4	0	0	0	0	0	56333.8	61930.7	0	0	0	0	0	0	0	16531.3	21941.4	27744.8	0	0	0	50747.1	56302.4	0	0	0	0	0	0	0	0	16487.4	21942.8	0	0	0	0	50861.6	56301.3	0	0	0	0	0	0	0	0	16424.1	0	0	0	0	0	0	56579.1	61801.6	0	0	0	0	0	0	0	0	21944.5	27666.3	0	0	0	50667.3	56319.2	0	0	0	0	0	0	0	0	16433.2	21991.1	0	0	0	0	0	56384.2	61862.2	0	0	0	0	0	0	0	16461.4	21948.7	0	0	0	0	0	56311.3	62013.3	0	0	0	0	0	0	0	0	0	0	0	0	0	0	0	0	0	0	0	0
0	0	0	16474.9	21972	0	0	0	0	0	56308.4	61904.2	0	0	0	0	0	0	0	0	21956.9	27718.8	0	0	0	50711.1	56281	0	0	0	0	0	0	0	0	16533.3	21957	0	0	0	0	50806.9	56278	0	0	0	0	0	0	0	0	16447.3	0	0	0	0	0	0	56576.5	61778.2	0	0	0	0	0	0	0	0	21962.5	27660.4	0	0	45120.3	50640.3	56301.8	0	0	0	0	0	0	0	0	16458.8	21999.8	0	0	0	0	0	56359.6	61835.3	0	0	0	0	0	0	0	16495.5	21961.6	0	0	0	0	0	56286.5	61990.4	0	0	0	0	0	0	0	0	0	0	0	0	0	0	0	0	0	0	0	0
0	0	0	16576.1	22108	0	0	0	0	50821.5	56204.2	0	0	0	0	0	0	0	0	0	22087.6	27785.3	0	0	45054.4	50605.5	56267.2	0	0	0	0	0	0	0	0	16643.2	22085.6	27845	0	0	0	50634.2	56232.7	0	0	0	0	0	0	0	11272.7	16558.3	0	0	0	0	0	0	56339.6	61664.1	0	0	0	0	0	0	0	0	22101.4	27750.2	33520.8	39281	44944.3	50593.5	56349.9	0	0	0	0	0	0	0	0	16559.8	22159.9	0	0	0	0	0	56221.4	61779.6	0	0	0	0	0	0	0	16599.6	22091.5	0	0	0	0	50696.6	56209.9	0	0	0	0	0	0	0	0	0	0	0	0	0	0	0	0	0	0	0	0	0
0	0	0	16531.9	22193.5	0	0	0	0	50814	56269.5	0	0	0	0	0	0	0	0	16576.3	22112.5	27917.4	0	0	45135.1	50680.9	56382.9	0	0	0	0	0	0	0	0	16555.6	22121.4	0	0	0	0	50699.3	56331.8	0	0	0	0	0	0	0	11165.5	16547	0	0	0	0	0	0	56315.2	61721.4	0	0	0	0	0	0	0	16632.7	22112.1	27830.6	33660.6	39405	45031.9	50678.7	56517.4	0	0	0	0	0	0	0	0	16528.6	0	0	0	0	0	0	56262.5	0	0	0	0	0	0	0	0	16540.4	22144.6	0	0	0	0	50741.7	56291.9	0	0	0	0	0	0	0	0	0	0	0	0	0	0	0	0	0	0	0	0	0
0	0	0	16447.4	0	0	0	0	0	50946.2	56359	0	0	0	0	0	0	0	0	16463	22081.6	0	0	0	0	50771.3	56440.4	0	0	0	0	0	0	0	0	16455.6	22101.9	0	0	0	0	50800.9	56405.2	0	0	0	0	0	0	0	11082.5	16464.5	0	0	0	0	0	0	56392.3	61840.5	0	0	0	0	0	0	0	16479.7	22067.9	27895	0	0	45152.6	50751.2	56511.6	0	0	0	0	0	0	0	11188.5	16448.2	0	0	0	0	0	0	56353.5	0	0	0	0	0	0	0	0	16450	22149.4	0	0	0	0	50856.6	56376	0	0	0	0	0	0	0	0	0	0	0	0	0	0	0	0	0	0	0	0	0
0	0	0	16430.5	22137.2	0	0	0	0	0	56350.3	0	0	0	0	0	0	0	0	16452.2	22033	0	0	0	0	50764.2	56395.7	0	0	0	0	0	0	0	0	16442.7	22046	0	0	0	0	50807.7	56372.5	0	0	0	0	0	0	0	11122.3	16434.8	0	0	0	0	0	0	56426.4	61824	0	0	0	0	0	0	0	16473.4	22025.1	27829.3	0	0	45159.6	50729.1	56444.8	0	0	0	0	0	0	0	0	16428.2	0	0	0	0	0	0	56359.4	0	0	0	0	0	0	0	0	16435.1	22074.2	0	0	0	0	50890	56355.8	0	0	0	0	0	0	0	0	0	0	0	0	0	0	0	0	0	0	0	0	0
0	0	0	16527.6	22139.4	0	0	0	0	50844.9	56257.4	0	0	0	0	0	0	0	0	16587.1	22085.3	27861.6	0	0	45143.4	50665	56338.3	0	0	0	0	0	0	0	0	16559.4	22090.5	0	0	0	0	50691.3	56299.4	0	0	0	0	0	0	0	11194.8	16529.6	0	0	0	0	0	0	56339.2	61713.3	0	0	0	0	0	0	0	16699	22088.5	27791.9	33620.4	39387	45014.2	50653.5	56427.4	0	0	0	0	0	0	0	0	16520.6	0	0	0	0	0	0	56262.1	61914.3	0	0	0	0	0	0	0	16539.4	22106.6	0	0	0	0	50746.6	56270.4	0	0	0	0	0	0	0	0	0	0	0	0	0	0	0	0	0	0	0	0	0
0	0	0	16442.7	21997.3	0	0	0	0	0	56327.5	61977.2	0	0	0	0	0	0	0	16498.7	21967.2	27807.7	0	0	0	50738.1	56319	0	0	0	0	0	0	0	0	16473	21970.5	0	0	0	0	50816.8	56311.4	0	0	0	0	0	0	0	0	16428.2	0	0	0	0	0	0	56507	61795.9	0	0	0	0	0	0	0	0	21968.6	27705.1	0	0	45171	50675.5	56345.1	0	0	0	0	0	0	0	0	16433.2	22047	0	0	0	0	0	56365.1	61880.9	0	0	0	0	0	0	0	16454.4	21979.8	0	0	0	0	0	56313.5	0	0	0	0	0	0	0	0	0	0	0	0	0	0	0	0	0	0	0	0	0
