0	0	0	438.915	473.973	0	0	0	0	0	529.605	215.796	0	0	0	0	0	0	0	0	539.825	415.479	0	0	0	495.267	496.444	0	0	0	0	0	0	0	0	216.831	541.221	256.861	0	0	0	421.186	524.682	0	0	0	0	0	0	0	177.425	518.162	0	0	0	0	0	0	252.111	508.715	0	0	0	0	0	0	0	0	508.297	518.676	332.683	204.365	404.912	544.183	423.475	0	0	0	0	0	0	0	0	499.602	356.337	0	0	0	0	0	485.976	389.659	0	0	0	0	0	0	0	358.569	520.698	0	0	0	0	248.87	537.596	0	0	0	0	0	0	0	0	0	0	0	0	0	0	0	0	0	0	0	0	0
0	0	0	524.217	207.798	0	0	0	0	0	532.363	0	0	0	0	0	0	0	0	433.885	510.153	0	0	0	0	487.368	473.534	0	0	0	0	0	0	0	0	473.773	463.41	0	0	0	0	423.351	503.383	0	0	0	0	0	0	0	345.494	478.133	0	0	0	0	0	0	439.772	411.154	0	0	0	0	0	0	0	351.856	543.507	324.432	0	0	269.431	536.692	409.416	0	0	0	0	0	0	0	0	528.338	0	0	0	0	0	0	522.118	0	0	0	0	0	0	0	0	506.172	373.175	0	0	0	0	294.106	524.861	0	0	0	0	0	0	0	0	0	0	0	0	0	0	0	0	0	0	0	0	0
0	0	0	244.965	526.4	0	0	0	0	0	473.537	434.744	0	0	0	0	0	0	0	0	506.525	481.438	0	0	0	404.407	540.224	0	0	0	0	0	0	0	0	0	529.77	397.604	0	0	0	233.983	540.78	211.962	0	0	0	0	0	0	0	509.178	235.284	0	0	0	0	0	0	519.11	122.064	0	0	0	0	0	0	0	443.969	539.764	375.26	111.807	302.388	513.6	510.873	0	0	0	0	0	0	0	0	398.553	478.733	0	0	0	0	0	358.402	496.545	0	0	0	0	0	0	0	0	538.068	190.332	0	0	0	0	519.886	353.99	0	0	0	0	0	0	0	0	0	0	0	0	0	0	0	0	0	0	0	0
0	0	0	532.315	0	0	0	0	0	317.355	508.896	0	0	0	0	0	0	0	0	499.196	463.14	0	0	0	0	526.884	380.782	0	0	0	0	0	0	0	0	521.221	380.754	0	0	0	0	493.251	434.562	0	0	0	0	0	0	0	450.592	395.248	0	0	0	0	0	0	499.049	270.978	0	0	0	0	0	0	0	447.786	527.783	217.367	0	0	374.694	546.207	266.53	0	0	0	0	0	0	0	244.107	509.334	0	0	0	0	0	0	526.008	0	0	0	0	0	0	0	0	533.761	192.755	0	0	0	0	426.629	479.941	0	0	0	0	0	0	0	0	0	0	0	0	0	0	0	0	0	0	0	0	0
0	0	0	198.092	527.765	0	0	0	0	0	448.038	457.322	0	0	0	0	0	0	0	0	506.797	473.584	0	0	0	348.569	543.48	126.54	0	0	0	0	0	0	0	0	528.922	387.253	0	0	0	0	535.9	291.518	0	0	0	0	0	0	0	500.098	283.027	0	0	0	0	0	0	516.41	157.963	0	0	0	0	0	0	0	448.671	535.947	338.02	0	199.78	490.517	527.001	0	0	0	0	0	0	0	0	373.638	485.853	0	0	0	0	0	309.266	506.285	0	0	0	0	0	0	0	0	537.494	172.037	0	0	0	0	505.323	393.434	0	0	0	0	0	0	0	0	0	0	0	0	0	0	0	0	0	0	0	0
0	0	0	339.629	498.392	0	0	0	0	0	450.557	433.051	0	0	0	0	0	0	0	0	538.37	348.112	0	0	0	240.263	542.269	146.587	0	0	0	0	0	0	0	0	539.681	124.341	0	0	0	0	531.226	278.951	0	0	0	0	0	0	0	507.705	143.445	0	0	0	0	0	0	519.546	0	0	0	0	0	0	0	0	517.494	479.342	0	0	0	440.847	536.731	0	0	0	0	0	0	0	0	429.458	432.791	0	0	0	0	0	340.102	486.13	0	0	0	0	0	0	0	227.416	526.961	0	0	0	0	0	501.123	371.09	0	0	0	0	0	0	0	0	0	0	0	0	0	0	0	0	0	0	0	0
0	0	0	449.815	473.496	0	0	0	0	0	534.528	112.533	0	0	0	0	0	0	0	0	538.654	438.137	0	0	191.478	518.758	469.829	0	0	0	0	0	0	0	0	228.569	542.088	299.452	0	0	0	463.044	509.806	0	0	0	0	0	0	0	269.241	513.91	0	0	0	0	0	0	297.418	505.701	0	0	0	0	0	0	0	0	501.264	528.944	387.544	315.513	455.085	548.588	370.927	0	0	0	0	0	0	0	0	507.346	346.602	0	0	0	0	0	501.53	363.535	0	0	0	0	0	0	0	370.429	522.076	0	0	0	0	338.012	533.572	0	0	0	0	0	0	0	0	0	0	0	0	0	0	0	0	0	0	0	0	0
0	0	0	469.903	437.18	0	0	0	0	0	531.944	96.744	0	0	0	0	0	0	0	183.497	543.911	346.676	0	0	0	491.881	492.005	0	0	0	0	0	0	0	0	318.76	534.293	0	0	0	0	419.031	520.637	0	0	0	0	0	0	0	230.48	512.515	0	0	0	0	0	0	317.647	494.382	0	0	0	0	0	0	0	0	529.289	490.995	228.081	0	375.104	542.143	421.438	0	0	0	0	0	0	0	0	513.062	280.757	0	0	0	0	0	497.724	346.083	0	0	0	0	0	0	0	411.489	500.139	0	0	0	0	254.605	535.781	0	0	0	0	0	0	0	0	0	0	0	0	0	0	0	0	0	0	0	0	0
0	0	0	532.934	0	0	0	0	0	233.616	521.357	0	0	0	0	0	0	0	0	484.854	476.352	0	0	0	0	513.075	424.543	0	0	0	0	0	0	0	0	510.893	405.589	0	0	0	0	468.872	466.548	0	0	0	0	0	0	0	419.792	430.66	0	0	0	0	0	0	484.296	325.963	0	0	0	0	0	0	0	427.983	532.214	232.188	0	0	327.125	544.089	338.47	0	0	0	0	0	0	0	116.882	519.03	0	0	0	0	0	0	528.329	0	0	0	0	0	0	0	0	528.61	258.868	0	0	0	0	383.778	501.192	0	0	0	0	0	0	0	0	0	0	0	0	0	0	0	0	0	0	0	0	0
0	0	0	398.579	482.079	0	0	0	0	0	497.663	361.092	0	0	0	0	0	0	0	0	540.657	357.947	0	0	0	387.743	536.451	0	0	0	0	0	0	0	0	153.152	539.485	128.287	0	0	0	217.642	540.436	0	0	0	0	0	0	0	0	519.316	0	0	0	0	0	0	0	515.998	0	0	0	0	0	0	0	0	519.518	488.92	31.075	0	132.828	500.809	508.152	0	0	0	0	0	0	0	0	469.951	392.434	0	0	0	0	0	423.097	448.793	0	0	0	0	0	0	0	311.456	520.759	0	0	0	0	0	528.411	248.715	0	0	0	0	0	0	0	0	0	0	0	0	0	0	0	0	0	0	0	0
0	0	0	463.527	446.397	0	0	0	0	0	531.453	135.351	0	0	0	0	0	0	0	139.276	543.645	364.004	0	0	0	492.292	493.293	0	0	0	0	0	0	0	0	299.936	536.465	107.122	0	0	0	418.893	521.727	0	0	0	0	0	0	0	218.746	514.045	0	0	0	0	0	0	304.296	498.102	0	0	0	0	0	0	0	0	525.41	497.92	255.583	11.907	381.353	542.513	422.411	0	0	0	0	0	0	0	0	510.354	300.474	0	0	0	0	0	495.098	357.069	0	0	0	0	0	0	0	400.802	505.447	0	0	0	0	251.898	536.282	0	0	0	0	0	0	0	0	0	0	0	0	0	0	0	0	0	0	0	0	0
0	0	0	509.756	338.515	0	0	0	0	0	533.754	0	0	0	0	0	0	0	0	361.331	534.635	144.492	0	0	0	499.993	470.217	0	0	0	0	0	0	0	0	425.359	505.573	0	0	0	0	438.89	504.215	0	0	0	0	0	0	0	326.194	491.862	0	0	0	0	0	0	406.551	452.049	0	0	0	0	0	0	0	211.166	545.686	427.579	0	0	353.525	542.829	393.768	0	0	0	0	0	0	0	0	527.515	0	0	0	0	0	0	517.741	207.385	0	0	0	0	0	0	0	477.504	443.432	0	0	0	0	311.665	527.407	0	0	0	0	0	0	0	0	0	0	0	0	0	0	0	0	0	0	0	0	0
0	0	0	489.212	433.04	0	0	0	0	240.177	533.693	0	0	0	0	0	0	0	0	194.921	544.276	409.577	0	0	294.56	535.565	417.788	0	0	0	0	0	0	0	0	338.395	537.71	227.043	0	0	0	498.633	475.956	0	0	0	0	0	0	0	367.607	494.041	0	0	0	0	0	0	387.112	482.342	0	0	0	0	0	0	0	0	519.494	520.093	381.712	345.507	483.04	545.934	273.282	0	0	0	0	0	0	0	0	524.664	240.288	0	0	0	0	0	522.326	257.616	0	0	0	0	0	0	0	433.024	502.891	0	0	0	0	412.728	517.067	0	0	0	0	0	0	0	0	0	0	0	0	0	0	0	0	0	0	0	0	0
0	0	0	365.872	495.855	0	0	0	0	0	483.61	395.134	0	0	0	0	0	0	0	0	537.367	382.006	0	0	0	361.21	540.233	0	0	0	0	0	0	0	0	0	540.412	204.466	0	0	0	139.455	539.68	136.223	0	0	0	0	0	0	0	516.176	0	0	0	0	0	0	0	519.169	0	0	0	0	0	0	0	0	510.754	498.142	112.906	0	43.306	490.363	518.075	0	0	0	0	0	0	0	0	450.88	420.241	0	0	0	0	0	394.997	468.265	0	0	0	0	0	0	0	258.512	527.434	0	0	0	0	0	521.633	305.37	0	0	0	0	0	0	0	0	0	0	0	0	0	0	0	0	0	0	0	0
0	0	0	209.985	526.227	0	0	0	0	0	444.603	457.854	0	0	0	0	0	0	0	0	511.147	464.557	0	0	0	331.976	543.518	149.269	0	0	0	0	0	0	0	0	530.993	372.296	0	0	0	0	534.576	298.334	0	0	0	0	0	0	0	499.605	279.195	0	0	0	0	0	0	516.851	128.56	0	0	0	0	0	0	0	457.662	532.249	312.766	0	146.304	483.206	529.662	0	0	0	0	0	0	0	0	376.232	482.885	0	0	0	0	0	305.084	505.822	0	0	0	0	0	0	0	0	537.501	123.381	0	0	0	0	502.765	395.873	0	0	0	0	0	0	0	0	0	0	0	0	0	0	0	0	0	0	0	0
0	0	0	488.742	429.789	0	0	0	0	206.312	534.298	0	0	0	0	0	0	0	0	205.834	544.489	397.162	0	0	259.363	531.769	429.409	0	0	0	0	0	0	0	0	341.741	536.497	196.439	0	0	0	490.866	482.87	0	0	0	0	0	0	0	356.276	496.132	0	0	0	0	0	0	382.491	482.337	0	0	0	0	0	0	0	0	522.592	514.889	361.361	317.715	471.356	547.271	299.559	0	0	0	0	0	0	0	0	524.018	236.24	0	0	0	0	0	520.455	265.45	0	0	0	0	0	0	0	433.625	500.449	0	0	0	0	398.357	520.273	0	0	0	0	0	0	0	0	0	0	0	0	0	0	0	0	0	0	0	0	0
0	0	0	487.163	387.563	0	0	0	0	0	528.296	97.236	0	0	0	0	0	0	0	309.478	538.01	151.897	0	0	0	450.493	511.232	0	0	0	0	0	0	0	0	384.011	515.691	0	0	0	0	354.245	529.553	0	0	0	0	0	0	0	176.324	511.537	0	0	0	0	0	0	337.527	479.939	0	0	0	0	0	0	0	108.685	543.915	422.794	0	0	220.727	524.178	463.784	0	0	0	0	0	0	0	0	517.629	181.522	0	0	0	0	0	493.356	329.223	0	0	0	0	0	0	0	445.841	466.908	0	0	0	0	73.315	536.596	0	0	0	0	0	0	0	0	0	0	0	0	0	0	0	0	0	0	0	0	0
0	0	0	532.318	0	0	0	0	0	185.902	525.122	0	0	0	0	0	0	0	0	477.285	482.563	0	0	0	0	506.518	439.145	0	0	0	0	0	0	0	0	505.323	416.714	0	0	0	0	457.637	477.343	0	0	0	0	0	0	0	404.862	443.203	0	0	0	0	0	0	476.603	346.223	0	0	0	0	0	0	0	417.357	534.375	243.881	0	0	306.891	542.352	360.828	0	0	0	0	0	0	0	0	522.148	0	0	0	0	0	0	528.097	0	0	0	0	0	0	0	0	525.465	283.93	0	0	0	0	363.545	508.239	0	0	0	0	0	0	0	0	0	0	0	0	0	0	0	0	0	0	0	0	0
0	0	0	487.021	404.081	0	0	0	0	0	532.848	0	0	0	0	0	0	0	0	275.377	542.284	276.653	0	0	0	488.535	489.75	0	0	0	0	0	0	0	0	368.132	524.825	0	0	0	0	416.072	518.125	0	0	0	0	0	0	0	257.814	507.383	0	0	0	0	0	0	352.282	481.233	0	0	0	0	0	0	0	0	539.007	464.206	62.133	0	348.745	540.225	421.858	0	0	0	0	0	0	0	0	519.744	203.418	0	0	0	0	0	504.278	309.951	0	0	0	0	0	0	0	440.471	480.409	0	0	0	0	255.658	534.288	0	0	0	0	0	0	0	0	0	0	0	0	0	0	0	0	0	0	0	0	0
0	0	0	509.625	358.002	0	0	0	0	150.424	532.884	0	0	0	0	0	0	0	0	339.71	539.835	259.903	0	0	0	519.87	442.698	0	0	0	0	0	0	0	0	414.783	515.361	0	0	0	0	471.813	487.587	0	0	0	0	0	0	0	360.859	485.617	0	0	0	0	0	0	414.868	453.893	0	0	0	0	0	0	0	134.121	542.763	462.626	169.27	61.964	418.141	547.429	340.407	0	0	0	0	0	0	0	0	528.488	0	0	0	0	0	0	522.732	178.958	0	0	0	0	0	0	0	473.906	457.945	0	0	0	0	370.397	519.981	0	0	0	0	0	0	0	0	0	0	0	0	0	0	0	0	0	0	0	0	0
0	0	0	269.748	519.35	0	0	0	0	0	455.195	443.547	0	0	0	0	0	0	0	0	522.101	441.177	0	0	0	332.516	543.103	77.941	0	0	0	0	0	0	0	0	536.259	330.217	0	0	0	0	535.975	269.774	0	0	0	0	0	0	0	505.276	230.278	0	0	0	0	0	0	519.402	0	0	0	0	0	0	0	0	478.405	522.8	260.88	0	84.788	481.739	528.023	0	0	0	0	0	0	0	0	401.285	467.456	0	0	0	0	0	332.367	497.269	0	0	0	0	0	0	0	0	536.597	0	0	0	0	0	507.65	376.328	0	0	0	0	0	0	0	0	0	0	0	0	0	0	0	0	0	0	0	0
0	0	0	232.523	524.733	0	0	0	0	0	452.635	450.66	0	0	0	0	0	0	0	0	513.376	462.292	0	0	0	346.508	543.251	94.884	0	0	0	0	0	0	0	0	532.33	367.414	0	0	0	0	536.353	278.751	0	0	0	0	0	0	0	502.858	260.807	0	0	0	0	0	0	518.016	89.45	0	0	0	0	0	0	0	460.975	531.658	313.854	0	175.362	488.847	526.55	0	0	0	0	0	0	0	0	386.635	478.545	0	0	0	0	0	321.99	502.296	0	0	0	0	0	0	0	0	537.574	96.1	0	0	0	0	507.281	384.472	0	0	0	0	0	0	0	0	0	0	0	0	0	0	0	0	0	0	0	0
0	0	0	194.959	530.925	0	0	0	0	0	471.55	443.392	0	0	0	0	0	0	0	0	492.644	499.23	0	0	0	416.688	540.004	0	0	0	0	0	0	0	0	0	522.42	428.636	0	0	0	257.692	541.196	225.526	0	0	0	0	0	0	0	506.818	270.006	0	0	0	0	0	0	516.911	206.443	0	0	0	0	0	0	0	416.99	545.137	412.111	221.074	339.048	519.618	508.068	0	0	0	0	0	0	0	0	381.575	490.213	0	0	0	0	0	349.04	502.417	0	0	0	0	0	0	0	0	537.085	267.38	0	0	0	0	519.876	364.377	0	0	0	0	0	0	0	0	0	0	0	0	0	0	0	0	0	0	0	0
0	0	0	511.063	388.812	0	0	0	0	331.053	525.302	0	0	0	0	0	0	0	0	298.473	545.103	380.136	0	0	345.235	542.563	363.688	0	0	0	0	0	0	0	0	397.297	529.573	126.942	0	0	0	517.5	439.932	0	0	0	0	0	0	0	418.337	469.058	0	0	0	0	0	0	434.677	455.06	0	0	0	0	0	0	0	0	531.264	510.486	373.266	362.216	499.192	539.627	143.68	0	0	0	0	0	0	0	0	530.528	0	0	0	0	0	0	529.853	76.163	0	0	0	0	0	0	0	469.587	480.829	0	0	0	0	452.788	496.156	0	0	0	0	0	0	0	0	0	0	0	0	0	0	0	0	0	0	0	0	0
0	0	0	462.552	464.804	0	0	0	0	96.355	535.607	0	0	0	0	0	0	0	0	0	540.285	435.73	0	0	247.446	526.788	452.536	0	0	0	0	0	0	0	0	263.107	541.742	291.79	0	0	0	478.888	499.095	0	0	0	0	0	0	0	309.36	508.987	0	0	0	0	0	0	329.956	500.337	0	0	0	0	0	0	0	0	504.844	528.741	394.889	337.877	469.77	548.366	338.28	0	0	0	0	0	0	0	0	513.782	323.586	0	0	0	0	0	510.007	336.665	0	0	0	0	0	0	0	389.74	518.433	0	0	0	0	370.741	529.121	0	0	0	0	0	0	0	0	0	0	0	0	0	0	0	0	0	0	0	0	0
0	0	0	396.525	481.536	0	0	0	0	0	493.593	368.833	0	0	0	0	0	0	0	0	540.949	348.039	0	0	0	372.343	538.151	0	0	0	0	0	0	0	0	155.783	539.119	91.649	0	0	0	180.202	540.213	0	0	0	0	0	0	0	0	518.694	0	0	0	0	0	0	0	516.148	0	0	0	0	0	0	0	0	521.394	483.986	0	0	0	493.756	513.177	0	0	0	0	0	0	0	0	467.753	393.281	0	0	0	0	0	416.536	452.07	0	0	0	0	0	0	0	310.333	520.05	0	0	0	0	0	526.171	264.694	0	0	0	0	0	0	0	0	0	0	0	0	0	0	0	0	0	0	0	0
0	0	0	534.576	144.161	0	0	0	0	417.392	491.496	0	0	0	0	0	0	0	0	445.309	524.288	177.367	0	0	366.977	544.59	237.873	0	0	0	0	0	0	0	0	491.75	477.261	0	0	0	90.331	532.9	355.945	0	0	0	0	0	0	0	478.054	383.862	0	0	0	0	0	0	496.564	344.647	0	0	0	0	0	0	0	335.838	548.126	447.632	253.355	314.353	502.569	528.984	0	0	0	0	0	0	0	0	263.931	518.551	0	0	0	0	0	208.495	524.246	0	0	0	0	0	0	0	0	523.842	374.747	0	0	0	0	492.692	440.223	0	0	0	0	0	0	0	0	0	0	0	0	0	0	0	0	0	0	0	0	0
0	0	0	522.806	265.73	0	0	0	0	155.926	530.523	0	0	0	0	0	0	0	0	408.694	525.175	0	0	0	0	513.909	442.509	0	0	0	0	0	0	0	0	459.541	486.276	0	0	0	0	464.63	484.443	0	0	0	0	0	0	0	377.94	471.323	0	0	0	0	0	0	442.99	419.712	0	0	0	0	0	0	0	297.517	546.904	401.408	0	0	377.676	545.811	350.886	0	0	0	0	0	0	0	0	529.087	0	0	0	0	0	0	525.811	0	0	0	0	0	0	0	0	500.113	406.869	0	0	0	0	364.484	516.069	0	0	0	0	0	0	0	0	0	0	0	0	0	0	0	0	0	0	0	0	0
0	0	0	505.295	330.576	0	0	0	0	0	531.426	0	0	0	0	0	0	0	0	373.069	528.271	0	0	0	0	456.931	503.458	0	0	0	0	0	0	0	0	428.065	496.33	0	0	0	0	369.465	524.064	0	0	0	0	0	0	0	245.272	503.031	0	0	0	0	0	0	382.475	457.83	0	0	0	0	0	0	0	256.154	546.18	376.895	0	0	199.313	525.409	454.066	0	0	0	0	0	0	0	0	524.617	0	0	0	0	0	0	505.421	267.782	0	0	0	0	0	0	0	474.852	433.041	0	0	0	0	157.776	534.827	0	0	0	0	0	0	0	0	0	0	0	0	0	0	0	0	0	0	0	0	0
0	0	0	519.2	300.93	0	0	0	0	158.257	531.279	0	0	0	0	0	0	0	0	388.592	531.234	115.426	0	0	0	516.432	441.572	0	0	0	0	0	0	0	0	446.353	497.298	0	0	0	0	467.861	484.849	0	0	0	0	0	0	0	373.507	475.93	0	0	0	0	0	0	434.798	431.731	0	0	0	0	0	0	0	257.415	546.644	424.983	0	0	393.533	546.532	345.625	0	0	0	0	0	0	0	0	529.348	0	0	0	0	0	0	525.079	52.668	0	0	0	0	0	0	0	492.501	425.742	0	0	0	0	367.886	517.061	0	0	0	0	0	0	0	0	0	0	0	0	0	0	0	0	0	0	0	0	0
0	0	0	292.154	513.892	0	0	0	0	0	451.72	441.927	0	0	0	0	0	0	0	0	528.738	415.834	0	0	0	301.607	543.041	119.345	0	0	0	0	0	0	0	0	538.538	284.501	0	0	0	0	534.051	277.567	0	0	0	0	0	0	0	505.468	211.499	0	0	0	0	0	0	519.81	0	0	0	0	0	0	0	0	493.128	511.14	174.004	0	0	467.782	531.966	0	0	0	0	0	0	0	0	409.174	458.126	0	0	0	0	0	331.126	494.691	0	0	0	0	0	0	0	98.841	534.636	0	0	0	0	0	504.415	377.365	0	0	0	0	0	0	0	0	0	0	0	0	0	0	0	0	0	0	0	0
0	0	0	505.406	361.083	0	0	0	0	0	534.006	0	0	0	0	0	0	0	0	337.746	538.553	221.777	0	0	0	505.132	466.667	0	0	0	0	0	0	0	0	410.587	513.64	0	0	0	0	446.36	502.733	0	0	0	0	0	0	0	326.053	493.979	0	0	0	0	0	0	398.981	459.852	0	0	0	0	0	0	0	146.978	543.753	448.268	0	0	376.505	544.626	384.745	0	0	0	0	0	0	0	0	526.744	0	0	0	0	0	0	517.215	227.412	0	0	0	0	0	0	0	469.038	457.21	0	0	0	0	323.154	527.255	0	0	0	0	0	0	0	0	0	0	0	0	0	0	0	0	0	0	0	0	0
0	0	0	472.146	409.785	0	0	0	0	0	520.639	222.906	0	0	0	0	0	0	0	274.287	539.632	169.261	0	0	0	418.19	524.373	0	0	0	0	0	0	0	0	357.284	520.798	0	0	0	0	295.453	536.181	0	0	0	0	0	0	0	0	516.871	0	0	0	0	0	0	289.796	491.208	0	0	0	0	0	0	0	0	542.542	423.823	0	0	95.52	510.047	487.654	0	0	0	0	0	0	0	0	509.28	248.458	0	0	0	0	0	475.747	370.523	0	0	0	0	0	0	0	425.536	478.373	0	0	0	0	0	535.989	0	0	0	0	0	0	0	0	0	0	0	0	0	0	0	0	0	0	0	0	0
0	0	0	526.26	281.79	0	0	0	0	318.918	520.86	0	0	0	0	0	0	0	0	398.537	533.594	217.562	0	0	252.667	537.558	372.742	0	0	0	0	0	0	0	0	457.628	498.877	0	0	0	0	507.995	440.008	0	0	0	0	0	0	0	428.252	448.28	0	0	0	0	0	0	462.177	410.843	0	0	0	0	0	0	0	258.54	546.43	453.532	204.304	218.003	463.311	544.537	204.018	0	0	0	0	0	0	0	0	528.989	0	0	0	0	0	0	529.997	0	0	0	0	0	0	0	0	502.758	422.369	0	0	0	0	440.362	491.936	0	0	0	0	0	0	0	0	0	0	0	0	0	0	0	0	0	0	0	0	0
0	0	0	450.744	445.546	0	0	0	0	0	519.306	261.386	0	0	0	0	0	0	0	158.519	543.189	300.923	0	0	0	435.185	522.774	0	0	0	0	0	0	0	0	295.78	533.029	0	0	0	0	320.605	536.316	0	0	0	0	0	0	0	0	519.056	0	0	0	0	0	0	241.232	502.852	0	0	0	0	0	0	0	0	533.149	468.477	0	0	230.767	519.776	480.699	0	0	0	0	0	0	0	0	499.988	316.366	0	0	0	0	0	468.5	395.663	0	0	0	0	0	0	0	389.604	501.368	0	0	0	0	0	536.37	0	0	0	0	0	0	0	0	0	0	0	0	0	0	0	0	0	0	0	0	0
0	0	0	505.962	396.439	0	0	0	0	287.818	529.614	0	0	0	0	0	0	0	0	285.243	544.902	372.446	0	0	302.984	538.451	393.979	0	0	0	0	0	0	0	0	387.238	530.106	100.045	0	0	0	506.67	458.979	0	0	0	0	0	0	0	397.589	479.08	0	0	0	0	0	0	420.391	462.574	0	0	0	0	0	0	0	0	531.349	506.619	352.369	329.935	484.301	544.142	228.488	0	0	0	0	0	0	0	0	529.272	109.77	0	0	0	0	0	527.474	162.039	0	0	0	0	0	0	0	462.03	483.56	0	0	0	0	431.309	506.683	0	0	0	0	0	0	0	0	0	0	0	0	0	0	0	0	0	0	0	0	0
0	0	0	524.941	225.944	0	0	0	0	97.078	530.844	0	0	0	0	0	0	0	0	426.143	517.043	0	0	0	0	505.695	452.602	0	0	0	0	0	0	0	0	470.367	472.975	0	0	0	0	452.101	490.087	0	0	0	0	0	0	0	371.862	470.696	0	0	0	0	0	0	446.457	409.98	0	0	0	0	0	0	0	332.438	545.702	366.037	0	0	341.548	543.406	372.053	0	0	0	0	0	0	0	0	528.541	0	0	0	0	0	0	525.271	0	0	0	0	0	0	0	0	505.694	385.635	0	0	0	0	344.802	518.33	0	0	0	0	0	0	0	0	0	0	0	0	0	0	0	0	0	0	0	0	0
0	0	0	402.388	480.181	0	0	0	0	0	499.391	356.032	0	0	0	0	0	0	0	0	540.965	355.055	0	0	0	391.366	535.789	0	0	0	0	0	0	0	0	166.28	539.274	116.044	0	0	0	226.507	540.409	0	0	0	0	0	0	0	0	519.58	0	0	0	0	0	0	0	515.446	0	0	0	0	0	0	0	0	520.46	487.869	0	0	142.347	502.281	506.59	0	0	0	0	0	0	0	0	472.205	388.537	0	0	0	0	0	426.536	445.966	0	0	0	0	0	0	0	317.289	519.812	0	0	0	0	0	529.197	239.629	0	0	0	0	0	0	0	0	0	0	0	0	0	0	0	0	0	0	0	0
0	0	0	452.568	429.151	0	0	0	0	0	505.594	307.509	0	0	0	0	0	0	0	235.785	540.289	158.742	0	0	0	359.369	536.061	0	0	0	0	0	0	0	0	326.912	524.271	0	0	0	0	166.237	539.588	0	0	0	0	0	0	0	0	519.474	0	0	0	0	0	0	213.284	501.151	0	0	0	0	0	0	0	0	541.666	416.47	0	0	0	483.082	512.659	0	0	0	0	0	0	0	0	496.573	300.782	0	0	0	0	0	447.655	409.96	0	0	0	0	0	0	0	400.942	487.665	0	0	0	0	0	530.088	168.149	0	0	0	0	0	0	0	0	0	0	0	0	0	0	0	0	0	0	0	0
0	0	0	407.833	482.332	0	0	0	0	0	509.952	330.67	0	0	0	0	0	0	0	0	539.814	383.937	0	0	0	430.616	528.548	0	0	0	0	0	0	0	0	156.694	540.359	196.376	0	0	0	305.253	539.257	0	0	0	0	0	0	0	0	520.697	0	0	0	0	0	0	75.505	515.022	0	0	0	0	0	0	0	0	514.088	502.052	209.055	0	267.95	520.014	488.437	0	0	0	0	0	0	0	0	478.175	386.884	0	0	0	0	0	444.189	435.709	0	0	0	0	0	0	0	319.722	522.206	0	0	0	0	0	534.256	178.868	0	0	0	0	0	0	0	0	0	0	0	0	0	0	0	0	0	0	0	0
0	0	0	385.477	488.333	0	0	0	0	0	492.379	375.771	0	0	0	0	0	0	0	0	539.371	369.499	0	0	0	378.309	538.118	0	0	0	0	0	0	0	0	93.556	540.094	168.028	0	0	0	192.454	540.359	0	0	0	0	0	0	0	0	518.301	0	0	0	0	0	0	0	517.606	0	0	0	0	0	0	0	0	515.725	493.434	86.089	0	112.51	497.166	512.134	0	0	0	0	0	0	0	0	462.404	404.879	0	0	0	0	0	412.32	457.256	0	0	0	0	0	0	0	290.542	523.907	0	0	0	0	0	525.986	273.598	0	0	0	0	0	0	0	0	0	0	0	0	0	0	0	0	0	0	0	0
0	0	0	525.693	326.408	0	0	0	0	386.847	511.205	0	0	0	0	0	0	0	0	369.277	541.909	337.203	0	0	376.659	545.003	298.842	0	0	0	0	0	0	0	0	442.914	515.805	0	0	0	111.352	529.128	397.603	0	0	0	0	0	0	0	453.482	435.695	0	0	0	0	0	0	468.505	418.115	0	0	0	0	0	0	0	165.403	540.741	496.023	354.863	367.838	509.207	531.574	0	0	0	0	0	0	0	0	73.62	529.734	0	0	0	0	0	0	530.502	0	0	0	0	0	0	0	0	497.461	449.876	0	0	0	0	479.821	469.822	0	0	0	0	0	0	0	0	0	0	0	0	0	0	0	0	0	0	0	0	0
0	0	0	471.048	426.54	0	0	0	0	0	528.622	155.526	0	0	0	0	0	0	0	224.35	543.162	294.915	0	0	0	468.713	506.353	0	0	0	0	0	0	0	0	334.864	529.73	0	0	0	0	380.973	528.057	0	0	0	0	0	0	0	173.201	514.391	0	0	0	0	0	0	307.841	492.94	0	0	0	0	0	0	0	0	535.773	468.905	0	0	309.271	533.365	450.3	0	0	0	0	0	0	0	0	511.797	267.141	0	0	0	0	0	490.205	354.836	0	0	0	0	0	0	0	417.386	492.076	0	0	0	0	160.72	537.027	0	0	0	0	0	0	0	0	0	0	0	0	0	0	0	0	0	0	0	0	0
0	0	0	468.426	439.216	0	0	0	0	0	531.764	109.04	0	0	0	0	0	0	0	175.125	543.88	349.918	0	0	0	491.482	492.692	0	0	0	0	0	0	0	0	314.782	534.755	0	0	0	0	418.171	521.099	0	0	0	0	0	0	0	226.514	512.944	0	0	0	0	0	0	314.263	495.272	0	0	0	0	0	0	0	0	528.569	492.245	232.524	0	375.288	542.068	422.428	0	0	0	0	0	0	0	0	512.398	285.381	0	0	0	0	0	496.927	348.999	0	0	0	0	0	0	0	409.115	501.278	0	0	0	0	252.17	535.95	0	0	0	0	0	0	0	0	0	0	0	0	0	0	0	0	0	0	0	0	0
0	0	0	533.182	0	0	0	0	0	348.42	504.332	0	0	0	0	0	0	0	0	490.131	480.35	0	0	0	97.847	534.402	351.893	0	0	0	0	0	0	0	0	516.558	406.648	0	0	0	0	506.284	416.713	0	0	0	0	0	0	0	459.08	389.587	0	0	0	0	0	0	499.254	286.068	0	0	0	0	0	0	0	429.07	535.851	297.015	0	0	416.726	545.586	200.2	0	0	0	0	0	0	0	253.66	510.79	0	0	0	0	0	0	525.394	0	0	0	0	0	0	0	0	532.615	246.661	0	0	0	0	446.9	470.229	0	0	0	0	0	0	0	0	0	0	0	0	0	0	0	0	0	0	0	0	0
0	0	0	531.998	0	0	0	0	0	229.83	523.661	0	0	0	0	0	0	0	0	465.525	496.225	0	0	0	0	516.255	424.1	0	0	0	0	0	0	0	0	498.411	437.056	0	0	0	0	472.341	468.221	0	0	0	0	0	0	0	412.736	441.837	0	0	0	0	0	0	475.187	358.477	0	0	0	0	0	0	0	394.97	540.23	308.979	0	0	355.462	545.34	331.373	0	0	0	0	0	0	0	0	523.458	0	0	0	0	0	0	528.575	0	0	0	0	0	0	0	0	522.563	318.45	0	0	0	0	385.953	503.808	0	0	0	0	0	0	0	0	0	0	0	0	0	0	0	0	0	0	0	0	0
0	0	0	436.351	446.798	0	0	0	0	0	498.749	336.663	0	0	0	0	0	0	0	173.342	541.909	220.52	0	0	0	346.854	538.195	0	0	0	0	0	0	0	0	290.535	529.719	0	0	0	0	120.331	539.639	0	0	0	0	0	0	0	0	519.492	0	0	0	0	0	0	147.925	507.145	0	0	0	0	0	0	0	0	538.35	433.595	0	0	0	478.677	517.168	0	0	0	0	0	0	0	0	487.382	334.806	0	0	0	0	0	433.562	427.695	0	0	0	0	0	0	0	377.167	498.418	0	0	0	0	0	527.094	222.198	0	0	0	0	0	0	0	0	0	0	0	0	0	0	0	0	0	0	0	0
0	0	0	499.16	401.599	0	0	0	0	190.59	533.556	0	0	0	0	0	0	0	0	275.843	544.325	349.528	0	0	198.835	527.698	433.402	0	0	0	0	0	0	0	0	377.633	529.174	0	0	0	0	484.271	483.746	0	0	0	0	0	0	0	360.423	491.109	0	0	0	0	0	0	398.601	470.543	0	0	0	0	0	0	0	0	533.434	496.115	301.812	252.239	452.323	547.81	314.435	0	0	0	0	0	0	0	0	526.659	156.928	0	0	0	0	0	521.87	229.3	0	0	0	0	0	0	0	453.276	484.062	0	0	0	0	389.047	519.545	0	0	0	0	0	0	0	0	0	0	0	0	0	0	0	0	0	0	0	0	0
0	0	0	533.191	0	0	0	0	0	305.782	512.571	0	0	0	0	0	0	0	0	489.505	476.358	0	0	0	0	526.339	387.611	0	0	0	0	0	0	0	0	515.159	402.563	0	0	0	0	491.41	440.71	0	0	0	0	0	0	0	443.79	407.745	0	0	0	0	0	0	493.847	300.6	0	0	0	0	0	0	0	431.49	533.361	262.801	0	0	379.869	546.343	274.159	0	0	0	0	0	0	0	210.757	514.171	0	0	0	0	0	0	527.307	0	0	0	0	0	0	0	0	531.391	244.474	0	0	0	0	421.825	485.008	0	0	0	0	0	0	0	0	0	0	0	0	0	0	0	0	0	0	0	0	0
0	0	0	377.443	499.138	0	0	0	0	0	505.606	357.502	0	0	0	0	0	0	0	0	533.481	424.659	0	0	0	435.742	529.781	0	0	0	0	0	0	0	0	0	540.921	287.909	0	0	0	310.73	540.073	0	0	0	0	0	0	0	0	520.263	0	0	0	0	0	0	0	519.12	0	0	0	0	0	0	0	0	496.584	519.237	292.755	0	304.97	523.491	488.459	0	0	0	0	0	0	0	0	463.409	418.092	0	0	0	0	0	431.454	452.958	0	0	0	0	0	0	0	264.141	530.679	0	0	0	0	0	533.296	226.206	0	0	0	0	0	0	0	0	0	0	0	0	0	0	0	0	0	0	0	0
0	0	0	532.634	164.734	0	0	0	0	357.172	510.195	0	0	0	0	0	0	0	0	440.934	520.844	0	0	0	264.989	540.097	338.285	0	0	0	0	0	0	0	0	486.238	473.759	0	0	0	0	515.747	414.578	0	0	0	0	0	0	0	451.777	418.472	0	0	0	0	0	0	483.616	366.698	0	0	0	0	0	0	0	337.936	547.517	420.892	89.661	180.929	464.818	542.409	123.992	0	0	0	0	0	0	0	169.247	523.41	0	0	0	0	0	0	528.719	0	0	0	0	0	0	0	0	519.145	374.509	0	0	0	0	458.085	474.334	0	0	0	0	0	0	0	0	0	0	0	0	0	0	0	0	0	0	0	0	0
0	0	0	454.937	469.485	0	0	0	0	0	534.961	59.875	0	0	0	0	0	0	0	0	539.584	434.636	0	0	203.465	520.778	465.356	0	0	0	0	0	0	0	0	244.563	541.861	291.45	0	0	0	467.132	506.955	0	0	0	0	0	0	0	282.107	512.371	0	0	0	0	0	0	309.427	503.633	0	0	0	0	0	0	0	0	503.758	527.822	385.866	317.455	457.8	548.619	363.01	0	0	0	0	0	0	0	0	509.801	337.078	0	0	0	0	0	504.353	354.414	0	0	0	0	0	0	0	378.647	520.234	0	0	0	0	346.93	532.392	0	0	0	0	0	0	0	0	0	0	0	0	0	0	0	0	0	0	0	0	0
0	0	0	410.831	480.906	0	0	0	0	0	511.301	325.264	0	0	0	0	0	0	0	0	540.082	382.728	0	0	0	433.79	527.517	0	0	0	0	0	0	0	0	166.683	540.272	192.433	0	0	0	311.487	538.921	0	0	0	0	0	0	0	0	520.753	0	0	0	0	0	0	99.556	514.514	0	0	0	0	0	0	0	0	514.732	501.711	210.244	0	273.798	521.288	486.306	0	0	0	0	0	0	0	0	479.963	383.684	0	0	0	0	0	446.978	432.954	0	0	0	0	0	0	0	324.228	521.556	0	0	0	0	0	534.74	165.961	0	0	0	0	0	0	0	0	0	0	0	0	0	0	0	0	0	0	0	0
0	0	0	526.414	164.112	0	0	0	0	0	531.871	0	0	0	0	0	0	0	0	445.379	503.522	0	0	0	0	486.682	472.237	0	0	0	0	0	0	0	0	481.747	452.761	0	0	0	0	423.318	501.927	0	0	0	0	0	0	0	352.444	474.059	0	0	0	0	0	0	446.664	400.453	0	0	0	0	0	0	0	370.882	541.414	298.441	0	0	256.01	536.024	409.156	0	0	0	0	0	0	0	0	527.85	0	0	0	0	0	0	523.218	0	0	0	0	0	0	0	0	510.919	355.074	0	0	0	0	296.573	523.671	0	0	0	0	0	0	0	0	0	0	0	0	0	0	0	0	0	0	0	0	0
0	0	0	441.286	446.583	0	0	0	0	0	507.025	313.328	0	0	0	0	0	0	0	166.159	542.465	253.694	0	0	0	383.304	534.157	0	0	0	0	0	0	0	0	291.437	531.018	0	0	0	0	218.853	539.689	0	0	0	0	0	0	0	0	519.867	0	0	0	0	0	0	185.951	505.815	0	0	0	0	0	0	0	0	536.601	447.271	0	0	0	495.758	506.184	0	0	0	0	0	0	0	0	491.96	328.833	0	0	0	0	0	446.893	417.28	0	0	0	0	0	0	0	381.123	499.633	0	0	0	0	0	531.46	168.539	0	0	0	0	0	0	0	0	0	0	0	0	0	0	0	0	0	0	0	0
0	0	0	532.159	107.401	0	0	0	0	304.367	517.857	0	0	0	0	0	0	0	0	451.428	511.162	0	0	0	97.544	531.265	384.991	0	0	0	0	0	0	0	0	491.099	459.047	0	0	0	0	497.675	443.466	0	0	0	0	0	0	0	433.503	431.311	0	0	0	0	0	0	478.714	365.06	0	0	0	0	0	0	0	364.04	545.471	377.872	0	0	421.61	546.541	251.966	0	0	0	0	0	0	0	100.071	523.768	0	0	0	0	0	0	529.159	0	0	0	0	0	0	0	0	520.22	352.485	0	0	0	0	426.997	490.387	0	0	0	0	0	0	0	0	0	0	0	0	0	0	0	0	0	0	0	0	0
0	0	0	531.853	0	0	0	0	0	142.115	526.996	0	0	0	0	0	0	0	0	475.387	482.828	0	0	0	0	500.672	448.787	0	0	0	0	0	0	0	0	503.572	418.077	0	0	0	0	448.221	484.099	0	0	0	0	0	0	0	394.918	449.45	0	0	0	0	0	0	472.598	353.55	0	0	0	0	0	0	0	415.796	534.122	234.642	0	0	284.075	540.395	376.449	0	0	0	0	0	0	0	0	523.257	0	0	0	0	0	0	527.575	0	0	0	0	0	0	0	0	524.197	288.772	0	0	0	0	347.281	512.294	0	0	0	0	0	0	0	0	0	0	0	0	0	0	0	0	0	0	0	0	0
0	0	0	389.547	486.424	0	0	0	0	0	493.874	371.672	0	0	0	0	0	0	0	0	539.814	365.577	0	0	0	380.607	537.7	0	0	0	0	0	0	0	0	115.719	539.925	155.773	0	0	0	199.014	540.398	0	0	0	0	0	0	0	0	518.622	0	0	0	0	0	0	0	517.154	0	0	0	0	0	0	0	0	517.02	491.852	69.121	0	115.789	498.005	511.146	0	0	0	0	0	0	0	0	464.702	401.155	0	0	0	0	0	415.445	454.834	0	0	0	0	0	0	0	297.202	522.939	0	0	0	0	0	526.67	266.879	0	0	0	0	0	0	0	0	0	0	0	0	0	0	0	0	0	0	0	0
0	0	0	518.049	314.395	0	0	0	0	183.244	531.014	0	0	0	0	0	0	0	0	378.962	533.977	175.37	0	0	0	520.282	435.516	0	0	0	0	0	0	0	0	440.609	502.312	0	0	0	0	474.116	481.395	0	0	0	0	0	0	0	377.609	475.821	0	0	0	0	0	0	433.66	435.408	0	0	0	0	0	0	0	234.536	546.072	438.187	0	0	408.768	547.157	332.706	0	0	0	0	0	0	0	0	529.475	0	0	0	0	0	0	525.505	67.441	0	0	0	0	0	0	0	489.592	433.862	0	0	0	0	378.048	515.594	0	0	0	0	0	0	0	0	0	0	0	0	0	0	0	0	0	0	0	0	0
0	0	0	376.232	489.594	0	0	0	0	0	481.747	393.609	0	0	0	0	0	0	0	0	539.618	356.263	0	0	0	342.735	540.92	0	0	0	0	0	0	0	0	70.218	539.76	133.934	0	0	0	64.581	538.978	148.896	0	0	0	0	0	0	0	516.146	0	0	0	0	0	0	0	518.211	0	0	0	0	0	0	0	0	518.094	486.247	0	0	0	481.354	521.788	0	0	0	0	0	0	0	0	454.972	410.622	0	0	0	0	0	394.482	465.66	0	0	0	0	0	0	0	280.008	523.801	0	0	0	0	0	519.958	306.582	0	0	0	0	0	0	0	0	0	0	0	0	0	0	0	0	0	0	0	0
0	0	0	481.972	445.641	0	0	0	0	229.012	534.529	0	0	0	0	0	0	0	0	139.037	543.063	425.011	0	0	301.048	535.434	422.494	0	0	0	0	0	0	0	0	315.424	539.941	264.301	0	0	0	497.666	479.68	0	0	0	0	0	0	0	358.466	498.183	0	0	0	0	0	0	374.177	488.603	0	0	0	0	0	0	0	0	513.107	525.765	397.091	358.552	485.874	546.049	279.909	0	0	0	0	0	0	0	0	522.296	272.414	0	0	0	0	0	520.334	281.555	0	0	0	0	0	0	0	420.288	509.601	0	0	0	0	409.485	519.491	0	0	0	0	0	0	0	0	0	0	0	0	0	0	0	0	0	0	0	0	0
0	0	0	533.642	0	0	0	0	0	341.017	507.415	0	0	0	0	0	0	0	0	482.349	488.742	0	0	0	107.795	534.07	358.13	0	0	0	0	0	0	0	0	511.644	420.669	0	0	0	0	505.074	422.049	0	0	0	0	0	0	0	454.405	399.379	0	0	0	0	0	0	495.474	306.745	0	0	0	0	0	0	0	415.844	538.941	320.234	0	0	419.475	545.731	209.137	0	0	0	0	0	0	0	230.915	514.319	0	0	0	0	0	0	526.588	0	0	0	0	0	0	0	0	530.573	276.749	0	0	0	0	443.698	474.503	0	0	0	0	0	0	0	0	0	0	0	0	0	0	0	0	0	0	0	0	0
0	0	0	322.205	521.63	0	0	0	0	0	510.547	372.733	0	0	0	0	0	0	0	0	508.765	492.511	0	0	0	478.425	520.555	0	0	0	0	0	0	0	0	0	532.743	411.359	0	0	0	383.108	538.358	0	0	0	0	0	0	0	0	520.515	0	0	0	0	0	0	0	522.132	0	0	0	0	0	0	0	0	440.007	544.748	428.034	310.341	416.389	541.337	461.479	0	0	0	0	0	0	0	0	442.715	459.384	0	0	0	0	0	431.474	468.716	0	0	0	0	0	0	0	107.538	538.857	208.278	0	0	0	91.266	536.753	233.9	0	0	0	0	0	0	0	0	0	0	0	0	0	0	0	0	0	0	0	0
0	0	0	523.117	203.006	0	0	0	0	0	532.775	0	0	0	0	0	0	0	0	436.816	506.096	0	0	0	0	471.134	487.164	0	0	0	0	0	0	0	0	474.41	458.36	0	0	0	0	398.069	512.032	0	0	0	0	0	0	0	321.513	484.059	0	0	0	0	0	0	432.994	414.429	0	0	0	0	0	0	0	361.02	541.776	293.752	0	0	195.513	529.603	432.91	0	0	0	0	0	0	0	0	528.172	0	0	0	0	0	0	518.938	96.228	0	0	0	0	0	0	0	505.401	367.715	0	0	0	0	245.401	528.873	0	0	0	0	0	0	0	0	0	0	0	0	0	0	0	0	0	0	0	0	0
0	0	0	269.562	527.709	0	0	0	0	0	497.239	407.559	0	0	0	0	0	0	0	0	498.388	500.477	0	0	0	460.311	529.923	0	0	0	0	0	0	0	0	0	526.87	427.712	0	0	0	347.448	541.396	0	0	0	0	0	0	0	0	516.314	185.593	0	0	0	0	0	0	520.805	139.96	0	0	0	0	0	0	0	422.422	546.218	431.667	297.557	397.77	535.835	481.085	0	0	0	0	0	0	0	0	416.91	476.919	0	0	0	0	0	401.5	486.12	0	0	0	0	0	0	0	0	538.561	256.317	0	0	0	0	532.147	300.022	0	0	0	0	0	0	0	0	0	0	0	0	0	0	0	0	0	0	0	0
0	0	0	507	317.211	0	0	0	0	0	530.725	0	0	0	0	0	0	0	0	384.639	524.433	0	0	0	0	446.629	507.662	0	0	0	0	0	0	0	0	435.226	490.191	0	0	0	0	353.6	526.191	0	0	0	0	0	0	0	233.835	503.331	0	0	0	0	0	0	384.028	454.676	0	0	0	0	0	0	0	280.488	545.798	354.453	0	0	133.39	520.226	462.606	0	0	0	0	0	0	0	0	524.79	0	0	0	0	0	0	504.221	266.458	0	0	0	0	0	0	0	478.668	423.964	0	0	0	0	107.748	535.208	0	0	0	0	0	0	0	0	0	0	0	0	0	0	0	0	0	0	0	0	0
0	0	0	474.423	433.835	0	0	0	0	0	533.333	0	0	0	0	0	0	0	0	194.858	544.055	351.702	0	0	0	500.145	483.744	0	0	0	0	0	0	0	0	326.27	534.126	0	0	0	0	433.378	515.785	0	0	0	0	0	0	0	258.904	510.153	0	0	0	0	0	0	332.054	491.759	0	0	0	0	0	0	0	0	529.119	493.743	250.41	77.076	393.377	544.512	406.239	0	0	0	0	0	0	0	0	515.644	269.322	0	0	0	0	0	502.728	332.506	0	0	0	0	0	0	0	417.352	498.939	0	0	0	0	286.143	534.265	0	0	0	0	0	0	0	0	0	0	0	0	0	0	0	0	0	0	0	0	0
0	0	0	520.553	231.581	0	0	0	0	0	532.834	0	0	0	0	0	0	0	0	427.788	510.197	0	0	0	0	466.289	491.884	0	0	0	0	0	0	0	0	467.604	465.337	0	0	0	0	389.499	515.396	0	0	0	0	0	0	0	306.473	488.613	0	0	0	0	0	0	424.398	423.478	0	0	0	0	0	0	0	347.609	542.946	306.603	0	0	182.95	527.759	439.682	0	0	0	0	0	0	0	0	528.083	0	0	0	0	0	0	516.524	149.592	0	0	0	0	0	0	0	500.847	380.238	0	0	0	0	224.615	530.618	0	0	0	0	0	0	0	0	0	0	0	0	0	0	0	0	0	0	0	0	0
0	0	0	526.78	320.492	0	0	0	0	393.925	508.951	0	0	0	0	0	0	0	0	374.047	541.609	336.007	0	0	383.239	545.163	287.213	0	0	0	0	0	0	0	0	446.288	514.72	0	0	0	139.746	530.721	390.667	0	0	0	0	0	0	0	457.44	431.16	0	0	0	0	0	0	471.635	414.031	0	0	0	0	0	0	0	177.116	541.173	495.83	357.202	372.633	511.571	529.827	0	0	0	0	0	0	0	0	112.56	529.322	0	0	0	0	0	72.696	530.203	0	0	0	0	0	0	0	0	499.626	447.291	0	0	0	0	483.528	465.681	0	0	0	0	0	0	0	0	0	0	0	0	0	0	0	0	0	0	0	0	0
0	0	0	441.521	445.544	0	0	0	0	0	506.105	315.569	0	0	0	0	0	0	0	172.36	542.326	245.497	0	0	0	378.238	534.789	0	0	0	0	0	0	0	0	293.806	530.502	0	0	0	0	207.718	539.743	0	0	0	0	0	0	0	0	519.829	0	0	0	0	0	0	184.221	505.68	0	0	0	0	0	0	0	0	537.186	444.039	0	0	0	493.293	507.882	0	0	0	0	0	0	0	0	491.795	327.774	0	0	0	0	0	445.581	417.965	0	0	0	0	0	0	0	382.044	498.784	0	0	0	0	0	530.964	175.119	0	0	0	0	0	0	0	0	0	0	0	0	0	0	0	0	0	0	0	0
0	0	0	495.104	372.385	0	0	0	0	0	531.229	0	0	0	0	0	0	0	0	328.74	536.722	137.417	0	0	0	466.254	501.739	0	0	0	0	0	0	0	0	398.792	512.102	0	0	0	0	381.687	524.04	0	0	0	0	0	0	0	232.942	506.984	0	0	0	0	0	0	361.313	472.06	0	0	0	0	0	0	0	155.155	544.689	421.451	0	0	264.216	530.669	447.47	0	0	0	0	0	0	0	0	521.52	120.576	0	0	0	0	0	501.941	299.715	0	0	0	0	0	0	0	456.929	459.116	0	0	0	0	180.998	535.399	0	0	0	0	0	0	0	0	0	0	0	0	0	0	0	0	0	0	0	0	0
0	0	0	398.23	492.964	0	0	0	0	0	515.644	322.483	0	0	0	0	0	0	0	0	535.269	424.684	0	0	0	459.648	521.049	0	0	0	0	0	0	0	0	39.9	541.378	284.204	0	0	0	355.958	537.104	0	0	0	0	0	0	0	0	521.268	0	0	0	0	0	0	68.681	517.09	0	0	0	0	0	0	0	0	499.048	520.327	312.306	40.512	346.987	532.76	469.936	0	0	0	0	0	0	0	0	476.219	402.325	0	0	0	0	0	451.969	436.094	0	0	0	0	0	0	0	296.398	528.548	0	0	0	0	0	536.771	141.442	0	0	0	0	0	0	0	0	0	0	0	0	0	0	0	0	0	0	0	0
0	0	0	521.034	335.466	0	0	0	0	329.755	522.123	0	0	0	0	0	0	0	0	360.948	540.882	308.386	0	0	305.895	540.609	363.957	0	0	0	0	0	0	0	0	434.496	514.869	0	0	0	0	513.899	436.963	0	0	0	0	0	0	0	426.476	456.293	0	0	0	0	0	0	452.288	431.118	0	0	0	0	0	0	0	160.521	541.88	483.675	301.8	301.237	483.151	542.089	165.931	0	0	0	0	0	0	0	0	530.395	0	0	0	0	0	0	530.243	0	0	0	0	0	0	0	0	490.314	451.315	0	0	0	0	448.877	492.137	0	0	0	0	0	0	0	0	0	0	0	0	0	0	0	0	0	0	0	0	0
0	0	0	412.618	491.941	0	0	0	0	0	525.999	273.012	0	0	0	0	0	0	0	0	533.823	443.988	0	0	0	492.031	503.371	0	0	0	0	0	0	0	0	90.299	541.796	317.575	0	0	0	413.246	529.163	0	0	0	0	0	0	0	94.555	520.815	0	0	0	0	0	0	181.64	515.4	0	0	0	0	0	0	0	0	492.021	529.43	368.432	247.402	410.997	543.873	433.403	0	0	0	0	0	0	0	0	486.937	393.553	0	0	0	0	0	473.737	416.526	0	0	0	0	0	0	0	313.262	529.331	0	0	0	0	222.463	538.514	0	0	0	0	0	0	0	0	0	0	0	0	0	0	0	0	0	0	0	0	0
0	0	0	522.125	223.736	0	0	0	0	0	532.868	0	0	0	0	0	0	0	0	429.619	510.707	0	0	0	0	476.813	483.762	0	0	0	0	0	0	0	0	469.807	465.288	0	0	0	0	406.3	510.183	0	0	0	0	0	0	0	325.175	484.205	0	0	0	0	0	0	431.205	418.638	0	0	0	0	0	0	0	347.845	543.375	317.353	0	0	230.185	532.405	426.115	0	0	0	0	0	0	0	0	528.313	0	0	0	0	0	0	519.252	106.716	0	0	0	0	0	0	0	502.96	378.368	0	0	0	0	260.229	528.254	0	0	0	0	0	0	0	0	0	0	0	0	0	0	0	0	0	0	0	0	0
0	0	0	296.912	526.914	0	0	0	0	0	510.527	381.732	0	0	0	0	0	0	0	0	497.15	506.943	171.466	0	0	486.536	518.792	0	0	0	0	0	0	0	0	0	527.139	437.36	0	0	0	396.268	538.131	0	0	0	0	0	0	0	0	520.121	114.647	0	0	0	0	0	0	522.054	116.992	0	0	0	0	0	0	0	415.918	547.986	453.753	353.022	437.107	544.169	455.39	0	0	0	0	0	0	0	0	433.025	471.389	0	0	0	0	0	428.292	475.188	0	0	0	0	0	0	0	0	539.064	272.871	0	0	0	142.401	537.219	246.131	0	0	0	0	0	0	0	0	0	0	0	0	0	0	0	0	0	0	0	0
0	0	0	533.114	0	0	0	0	0	261.088	518.903	0	0	0	0	0	0	0	0	484.817	478.392	0	0	0	0	518.349	412.716	0	0	0	0	0	0	0	0	511.352	407.779	0	0	0	0	477.47	458.444	0	0	0	0	0	0	0	427.886	424.376	0	0	0	0	0	0	486.979	321.068	0	0	0	0	0	0	0	426.353	533.489	251.315	0	0	349.351	545.356	317.895	0	0	0	0	0	0	0	150.356	518.004	0	0	0	0	0	0	528.278	0	0	0	0	0	0	0	0	529.161	260.575	0	0	0	0	397.948	496.319	0	0	0	0	0	0	0	0	0	0	0	0	0	0	0	0	0	0	0	0	0
0	0	0	529.849	205.721	0	0	0	0	298.847	520.611	0	0	0	0	0	0	0	0	430.605	521.764	0	0	0	153.198	532.364	387.674	0	0	0	0	0	0	0	0	477.486	477.398	0	0	0	0	498.67	447.103	0	0	0	0	0	0	0	426.804	441.975	0	0	0	0	0	0	470.028	388.234	0	0	0	0	0	0	0	326.136	547.213	410.292	0	0	433.792	546.466	249.927	0	0	0	0	0	0	0	0	526.723	0	0	0	0	0	0	529.525	0	0	0	0	0	0	0	0	512.977	385.385	0	0	0	0	426.467	494.027	0	0	0	0	0	0	0	0	0	0	0	0	0	0	0	0	0	0	0	0	0
0	0	0	325.052	519.374	0	0	0	0	0	506.382	378.649	0	0	0	0	0	0	0	0	513.649	482.484	0	0	0	465.343	525.264	0	0	0	0	0	0	0	0	0	534.666	394.294	0	0	0	359.895	539.744	0	0	0	0	0	0	0	0	519.727	0	0	0	0	0	0	0	521.872	0	0	0	0	0	0	0	0	451.449	541.584	405.854	263.681	391.243	536.751	472.959	0	0	0	0	0	0	0	0	441.98	455.969	0	0	0	0	0	424.51	470.045	0	0	0	0	0	0	0	128.531	538.279	159.912	0	0	0	0	535.055	250.494	0	0	0	0	0	0	0	0	0	0	0	0	0	0	0	0	0	0	0	0
0	0	0	256.657	518.842	0	0	0	0	0	436.876	456.163	0	0	0	0	0	0	0	0	524.754	425.928	0	0	0	272.139	542.768	193.114	0	0	0	0	0	0	0	0	536.853	305.86	0	0	0	0	530.375	311.916	0	0	0	0	0	0	0	499.669	256.047	0	0	0	0	0	0	518.524	0	0	0	0	0	0	0	0	486.113	514.919	187.568	0	0	457.344	536.077	0	0	0	0	0	0	0	0	390.4	469.355	0	0	0	0	0	300.22	502.366	0	0	0	0	0	0	0	0	535.992	0	0	0	0	0	495.937	398.745	0	0	0	0	0	0	0	0	0	0	0	0	0	0	0	0	0	0	0	0
0	0	0	521.873	307.484	0	0	0	0	272.975	526.483	0	0	0	0	0	0	0	0	382.943	535.432	223.355	0	0	192.43	532.13	401.751	0	0	0	0	0	0	0	0	445.856	503.751	0	0	0	0	496.13	459.474	0	0	0	0	0	0	0	407.445	462.828	0	0	0	0	0	0	448.313	426.068	0	0	0	0	0	0	0	231.669	545.683	453.685	178.882	166.823	446.437	546.733	266.287	0	0	0	0	0	0	0	0	529.814	0	0	0	0	0	0	528.776	0	0	0	0	0	0	0	0	494.755	433.388	0	0	0	0	417.675	503.606	0	0	0	0	0	0	0	0	0	0	0	0	0	0	0	0	0	0	0	0	0
0	0	0	203.657	527.621	0	0	0	0	0	450.934	455.145	0	0	0	0	0	0	0	0	506.802	474.353	0	0	0	355.084	543.342	105.23	0	0	0	0	0	0	0	0	529.026	388.228	0	0	0	69.426	536.592	284.611	0	0	0	0	0	0	0	501.157	278.517	0	0	0	0	0	0	516.732	154.381	0	0	0	0	0	0	0	448.253	536.346	342.044	0	213.167	493.192	525.583	0	0	0	0	0	0	0	0	376.411	485.114	0	0	0	0	0	314.956	505.359	0	0	0	0	0	0	0	0	537.558	173.651	0	0	0	0	507.036	389.702	0	0	0	0	0	0	0	0	0	0	0	0	0	0	0	0	0	0	0	0
0	0	0	457.071	472.128	0	0	0	0	117.334	535.776	0	0	0	0	0	0	0	0	0	538.206	448.557	0	0	271.07	528.925	450.283	0	0	0	0	0	0	0	0	240.033	542.475	317.902	0	0	0	482.55	498.271	0	0	0	0	0	0	0	309.111	510.113	0	0	0	0	0	0	322.281	503.197	0	0	0	0	0	0	0	0	497.903	533.464	411.947	358.495	477.545	548.14	331.463	0	0	0	0	0	0	0	0	511.894	338.393	0	0	0	0	0	509.444	344.512	0	0	0	0	0	0	0	379.3	522.328	0	0	0	0	376.625	529.118	0	0	0	0	0	0	0	0	0	0	0	0	0	0	0	0	0	0	0	0	0
0	0	0	344.462	503.908	0	0	0	0	0	478.902	407.359	0	0	0	0	0	0	0	0	533.717	404.594	0	0	0	362.009	540.845	0	0	0	0	0	0	0	0	0	540.244	255.867	0	0	0	135.941	539.461	171.514	0	0	0	0	0	0	0	514.44	34.533	0	0	0	0	0	0	520.2	0	0	0	0	0	0	0	0	501.572	507.992	188.982	0	110.823	491.783	518.99	0	0	0	0	0	0	0	0	439.953	435.087	0	0	0	0	0	383.493	476.285	0	0	0	0	0	0	0	216.976	531.298	0	0	0	0	0	519.692	322.45	0	0	0	0	0	0	0	0	0	0	0	0	0	0	0	0	0	0	0	0
0	0	0	488.075	414.427	0	0	0	0	0	534.614	0	0	0	0	0	0	0	0	250.049	544.01	335.252	0	0	0	510.855	467.415	0	0	0	0	0	0	0	0	358.104	530.21	0	0	0	0	453.185	505.275	0	0	0	0	0	0	0	306.241	502.891	0	0	0	0	0	0	366.095	481.326	0	0	0	0	0	0	0	0	533.489	488.477	247.997	130.931	411.556	546.697	378.49	0	0	0	0	0	0	0	0	521.758	214.902	0	0	0	0	0	512.114	290.711	0	0	0	0	0	0	0	438.106	488.914	0	0	0	0	329.073	529.805	0	0	0	0	0	0	0	0	0	0	0	0	0	0	0	0	0	0	0	0	0
0	0	0	305.398	521.403	0	0	0	0	0	497.782	397.368	0	0	0	0	0	0	0	0	512.209	480.948	0	0	0	448.477	531.219	0	0	0	0	0	0	0	0	0	533.576	393.144	0	0	0	327.755	541.245	0	0	0	0	0	0	0	0	517.431	122.018	0	0	0	0	0	0	521.511	0	0	0	0	0	0	0	0	450.562	540.648	394.648	224.705	366	530.699	486.625	0	0	0	0	0	0	0	0	430.607	462.683	0	0	0	0	0	407.084	478.744	0	0	0	0	0	0	0	56.666	538.325	162.785	0	0	0	0	531.596	287.551	0	0	0	0	0	0	0	0	0	0	0	0	0	0	0	0	0	0	0	0
0	0	0	323.112	509.834	0	0	0	0	0	472.825	419.129	0	0	0	0	0	0	0	0	530.153	419.405	0	0	0	356.719	541.647	0	0	0	0	0	0	0	0	0	539.407	286.757	0	0	0	110.396	538.845	205.067	0	0	0	0	0	0	0	512.185	134.57	0	0	0	0	0	0	520.517	0	0	0	0	0	0	0	0	493.774	514.206	223.313	0	121.535	490.342	521.252	0	0	0	0	0	0	0	0	428.8	446.79	0	0	0	0	0	369.982	483.433	0	0	0	0	0	0	0	171.032	533.728	0	0	0	0	0	516.815	339.706	0	0	0	0	0	0	0	0	0	0	0	0	0	0	0	0	0	0	0	0
0	0	0	403.928	498.249	0	0	0	0	0	526.457	279.435	0	0	0	0	0	0	0	0	530.003	458.877	0	0	0	497.676	500.819	0	0	0	0	0	0	0	0	0	541.314	345.716	0	0	0	422.316	528.243	0	0	0	0	0	0	0	103.501	521.232	0	0	0	0	0	0	163.679	517.131	0	0	0	0	0	0	0	0	482.081	535.073	393.294	288.391	426.825	545.613	426.637	0	0	0	0	0	0	0	0	483.604	405.097	0	0	0	0	0	473.313	421.538	0	0	0	0	0	0	0	295.369	532.333	0	0	0	0	242.189	538.685	0	0	0	0	0	0	0	0	0	0	0	0	0	0	0	0	0	0	0	0	0
0	0	0	198.879	524.712	0	0	0	0	0	421.532	469.684	0	0	0	0	0	0	0	0	517.047	444.771	0	0	0	254.027	542.172	238.542	0	0	0	0	0	0	0	0	533.18	341.26	0	0	0	0	526.853	339.749	0	0	0	0	0	0	0	492.538	297.719	0	0	0	0	0	0	515.826	100.925	0	0	0	0	0	0	0	472.041	522.769	234.537	0	0	452.418	538.579	0	0	0	0	0	0	0	0	365.007	482.615	0	0	0	0	0	263.23	509.909	0	0	0	0	0	0	0	0	537.014	0	0	0	0	0	487.71	417.909	0	0	0	0	0	0	0	0	0	0	0	0	0	0	0	0	0	0	0	0
0	0	0	462.66	457.937	0	0	0	0	0	534.553	0	0	0	0	0	0	0	0	0	542.163	410.805	0	0	126.808	515.277	470.66	0	0	0	0	0	0	0	0	277.555	540.121	239.831	0	0	0	457.99	509.365	0	0	0	0	0	0	0	277.611	511.276	0	0	0	0	0	0	319.33	499.564	0	0	0	0	0	0	0	0	513.795	518.378	350.619	269.361	440.27	548.039	376.352	0	0	0	0	0	0	0	0	512.33	314.927	0	0	0	0	0	504.409	345.316	0	0	0	0	0	0	0	393.718	513.724	0	0	0	0	331.094	532.821	0	0	0	0	0	0	0	0	0	0	0	0	0	0	0	0	0	0	0	0	0
0	0	0	530.614	204.994	0	0	0	0	323.7	517.35	0	0	0	0	0	0	0	0	430.587	523.226	0	0	0	213.582	536.17	369.682	0	0	0	0	0	0	0	0	478.343	479.216	0	0	0	0	506.359	435.491	0	0	0	0	0	0	0	436.302	435.066	0	0	0	0	0	0	474.148	384.175	0	0	0	0	0	0	0	322.916	547.456	420.177	0	114.722	449.292	545.203	209.064	0	0	0	0	0	0	0	61.924	526.115	0	0	0	0	0	0	529.61	0	0	0	0	0	0	0	0	514.098	386.941	0	0	0	0	440.096	487.319	0	0	0	0	0	0	0	0	0	0	0	0	0	0	0	0	0	0	0	0	0
0	0	0	504.129	387.836	0	0	0	0	207.281	532.709	0	0	0	0	0	0	0	0	299.676	543.619	331.651	0	0	196.176	528.439	428.419	0	0	0	0	0	0	0	0	391.988	525.643	0	0	0	0	486.295	479.939	0	0	0	0	0	0	0	369.512	486.872	0	0	0	0	0	0	408.737	463.833	0	0	0	0	0	0	0	0	536.543	489.487	284.047	238.472	450.911	547.656	307.113	0	0	0	0	0	0	0	0	527.942	95.779	0	0	0	0	0	523.575	200.956	0	0	0	0	0	0	0	461.959	476.453	0	0	0	0	394.102	517.146	0	0	0	0	0	0	0	0	0	0	0	0	0	0	0	0	0	0	0	0	0
0	0	0	494.637	368.751	0	0	0	0	0	529.91	0	0	0	0	0	0	0	0	334.738	535.219	67.505	0	0	0	454.828	507.546	0	0	0	0	0	0	0	0	401.427	509.569	0	0	0	0	363.152	527.167	0	0	0	0	0	0	0	209.432	508.463	0	0	0	0	0	0	356.454	472.276	0	0	0	0	0	0	0	177.441	545.244	409.006	0	0	220.787	525.525	458.538	0	0	0	0	0	0	0	0	520.805	117.018	0	0	0	0	0	498.729	307.179	0	0	0	0	0	0	0	457.461	455.786	0	0	0	0	124.55	536.02	0	0	0	0	0	0	0	0	0	0	0	0	0	0	0	0	0	0	0	0	0
0	0	0	483.121	443.149	0	0	0	0	225.419	534.494	0	0	0	0	0	0	0	0	152.254	543.387	420.735	0	0	294.74	534.864	423.65	0	0	0	0	0	0	0	0	319.975	539.456	254.684	0	0	0	496.578	480.213	0	0	0	0	0	0	0	358.092	497.853	0	0	0	0	0	0	375.556	487.612	0	0	0	0	0	0	0	0	514.785	524.129	391.66	352.363	483.608	546.287	283.272	0	0	0	0	0	0	0	0	522.597	266.904	0	0	0	0	0	520.352	278.999	0	0	0	0	0	0	0	422.551	508.185	0	0	0	0	407.686	519.623	0	0	0	0	0	0	0	0	0	0	0	0	0	0	0	0	0	0	0	0	0
0	0	0	534.282	183.62	0	0	0	0	419.882	492.002	0	0	0	0	0	0	0	0	436.774	528.233	220.404	0	0	378.368	544.686	231.193	0	0	0	0	0	0	0	0	486.619	484.571	0	0	0	137.348	534.032	353.777	0	0	0	0	0	0	0	477.895	387.744	0	0	0	0	0	0	494.8	354.612	0	0	0	0	0	0	0	318.155	547.905	458.963	283.653	334.706	507.447	526.97	0	0	0	0	0	0	0	0	256.901	520.223	0	0	0	0	0	211.173	524.793	0	0	0	0	0	0	0	0	521.522	388.099	0	0	0	0	494.688	439.976	0	0	0	0	0	0	0	0	0	0	0	0	0	0	0	0	0	0	0	0	0
0	0	0	338.044	518.583	0	0	0	0	0	513.559	360.58	0	0	0	0	0	0	0	0	513.056	487.383	0	0	0	481.337	517.993	0	0	0	0	0	0	0	0	0	534.838	401.579	0	0	0	389.224	537.214	0	0	0	0	0	0	0	0	521.234	0	0	0	0	0	0	0	522.021	0	0	0	0	0	0	0	0	448.151	543.465	422.034	305.238	417.192	542.022	456.847	0	0	0	0	0	0	0	0	450.376	451.857	0	0	0	0	0	439.012	462.279	0	0	0	0	0	0	0	157.521	538.453	177.482	0	0	0	126.298	537.481	209.321	0	0	0	0	0	0	0	0	0	0	0	0	0	0	0	0	0	0	0	0
0	0	0	474.736	399.917	0	0	0	0	0	517.93	234.123	0	0	0	0	0	0	0	296.214	537.153	49.399	0	0	0	397.72	528.471	0	0	0	0	0	0	0	0	369.403	515.867	0	0	0	0	258.672	537.543	0	0	0	0	0	0	0	0	517.12	0	0	0	0	0	0	289.794	489.167	0	0	0	0	0	0	0	103.645	544.264	401.287	0	0	0	499.668	497.104	0	0	0	0	0	0	0	0	509.511	233.352	0	0	0	0	0	472.047	371.885	0	0	0	0	0	0	0	431.577	470.891	0	0	0	0	0	534.92	0	0	0	0	0	0	0	0	0	0	0	0	0	0	0	0	0	0	0	0	0
0	0	0	481.311	386.746	0	0	0	0	0	520.137	208.832	0	0	0	0	0	0	0	317.127	534.963	0	0	0	0	401.685	526.791	0	0	0	0	0	0	0	0	383.914	511.253	0	0	0	0	268.348	536.733	0	0	0	0	0	0	0	0	515.851	0	0	0	0	0	0	307.998	484.234	0	0	0	0	0	0	0	161.342	545.114	388.943	0	0	0	500.907	494.525	0	0	0	0	0	0	0	0	512.783	201.683	0	0	0	0	0	477.33	359.048	0	0	0	0	0	0	0	441.422	462.758	0	0	0	0	0	535.434	0	0	0	0	0	0	0	0	0	0	0	0	0	0	0	0	0	0	0	0	0
0	0	0	355.157	516.456	0	0	0	0	0	520.264	336.658	0	0	0	0	0	0	0	0	514.21	489.637	0	0	65.937	495.193	508.891	0	0	0	0	0	0	0	0	0	535.779	404.091	0	0	0	414.733	533.271	0	0	0	0	0	0	0	0	522.211	0	0	0	0	0	0	0	521.801	0	0	0	0	0	0	0	0	448.375	544.496	433.398	335.414	438.306	545.775	437.954	0	0	0	0	0	0	0	0	460.495	444.653	0	0	0	0	0	453.852	451.678	0	0	0	0	0	0	0	194.034	538.356	179.255	0	0	0	212.42	538.942	145.03	0	0	0	0	0	0	0	0	0	0	0	0	0	0	0	0	0	0	0	0
0	0	0	457.298	442.569	0	0	0	0	0	524.385	224.221	0	0	0	0	0	0	0	167.95	543.427	315.367	0	0	0	455.826	514.787	0	0	0	0	0	0	0	0	303.821	533.324	0	0	0	0	357.191	532.746	0	0	0	0	0	0	0	69.21	517.65	0	0	0	0	0	0	268.933	500.287	0	0	0	0	0	0	0	0	532.129	475.651	58.84	0	287.52	528.654	464.762	0	0	0	0	0	0	0	0	504.596	304.993	0	0	0	0	0	478.906	381.123	0	0	0	0	0	0	0	397.098	500.754	0	0	0	0	26.801	537.349	0	0	0	0	0	0	0	0	0	0	0	0	0	0	0	0	0	0	0	0	0
0	0	0	523.685	325.018	0	0	0	0	352.321	518.175	0	0	0	0	0	0	0	0	369.822	540.481	309.829	0	0	330.249	542.629	342.734	0	0	0	0	0	0	0	0	441.19	513.197	0	0	0	0	519.731	423.404	0	0	0	0	0	0	0	437.742	447.616	0	0	0	0	0	0	460.149	423.45	0	0	0	0	0	0	0	179.783	542.375	484.909	313.734	320.827	491.712	539.241	88.331	0	0	0	0	0	0	0	0	530.081	0	0	0	0	0	0	530.607	0	0	0	0	0	0	0	0	494.953	446.946	0	0	0	0	460.637	484.161	0	0	0	0	0	0	0	0	0	0	0	0	0	0	0	0	0	0	0	0	0
0	0	0	437.667	463.633	0	0	0	0	0	520.692	270.579	0	0	0	0	0	0	0	0	542.539	359.477	0	0	0	453.585	518.558	0	0	0	0	0	0	0	0	247.501	538.122	109.381	0	0	0	350.339	535.081	0	0	0	0	0	0	0	0	519.8	0	0	0	0	0	0	216.435	508.058	0	0	0	0	0	0	0	0	523.05	493.223	187.672	0	302.152	528.701	469.575	0	0	0	0	0	0	0	0	495.002	346.995	0	0	0	0	0	468.157	405.103	0	0	0	0	0	0	0	365.445	512.864	0	0	0	0	0	537.178	0	0	0	0	0	0	0	0	0	0	0	0	0	0	0	0	0	0	0	0	0
0	0	0	511.436	385.212	0	0	0	0	324.071	525.828	0	0	0	0	0	0	0	0	303.877	544.867	372.328	0	0	334.596	541.778	369.26	0	0	0	0	0	0	0	0	399.965	528.381	91.539	0	0	0	515.397	443.088	0	0	0	0	0	0	0	415.857	469.621	0	0	0	0	0	0	434.333	454.107	0	0	0	0	0	0	0	0	532.663	507.359	363.252	351.214	495.172	540.8	164.068	0	0	0	0	0	0	0	0	530.457	0	0	0	0	0	0	529.611	77.445	0	0	0	0	0	0	0	470.746	478.546	0	0	0	0	448.889	497.683	0	0	0	0	0	0	0	0	0	0	0	0	0	0	0	0	0	0	0	0	0
0	0	0	533.234	197.405	0	0	0	0	396.017	501.259	0	0	0	0	0	0	0	0	432.742	527.613	194.645	0	0	343.653	544.138	283.201	0	0	0	0	0	0	0	0	482.84	484.532	0	0	0	0	528.004	382.493	0	0	0	0	0	0	0	466.801	404.643	0	0	0	0	0	0	488.611	366.251	0	0	0	0	0	0	0	315.098	547.82	450.701	245.536	295.527	494.13	534.305	0	0	0	0	0	0	0	0	216.436	522.724	0	0	0	0	0	132.251	527.305	0	0	0	0	0	0	0	0	518.755	390.531	0	0	0	0	481.246	456.568	0	0	0	0	0	0	0	0	0	0	0	0	0	0	0	0	0	0	0	0	0
0	0	0	524.743	272.834	0	0	0	0	258.144	526.33	0	0	0	0	0	0	0	0	403.879	529.669	129.385	0	0	111.235	528.395	409.401	0	0	0	0	0	0	0	0	458.844	492.733	0	0	0	0	489.863	463.147	0	0	0	0	0	0	0	406.371	459.722	0	0	0	0	0	0	453.574	414.693	0	0	0	0	0	0	0	278.831	547.045	430.133	0	0	427.759	547.178	287.115	0	0	0	0	0	0	0	0	529.145	0	0	0	0	0	0	528.644	0	0	0	0	0	0	0	0	501.687	414.473	0	0	0	0	408.33	504.657	0	0	0	0	0	0	0	0	0	0	0	0	0	0	0	0	0	0	0	0	0
0	0	0	529.91	197.37	0	0	0	0	290.153	521.35	0	0	0	0	0	0	0	0	433.199	520.117	0	0	0	117.94	530.741	393.224	0	0	0	0	0	0	0	0	478.889	474.762	0	0	0	0	495.69	450.51	0	0	0	0	0	0	0	424.177	443.1	0	0	0	0	0	0	469.643	387.089	0	0	0	0	0	0	0	332.035	546.993	403.175	0	0	426.612	546.74	262.487	0	0	0	0	0	0	0	0	526.623	0	0	0	0	0	0	529.419	0	0	0	0	0	0	0	0	513.51	381.301	0	0	0	0	421.51	495.815	0	0	0	0	0	0	0	0	0	0	0	0	0	0	0	0	0	0	0	0	0
0	0	0	520.729	286.037	0	0	0	0	149.615	531.114	0	0	0	0	0	0	0	0	397.876	528.518	0	0	0	0	514.469	443.531	0	0	0	0	0	0	0	0	452.295	492.353	0	0	0	0	464.985	485.66	0	0	0	0	0	0	0	373.795	474.498	0	0	0	0	0	0	437.83	426.87	0	0	0	0	0	0	0	276.888	546.893	413.607	0	0	383.895	546.066	350.812	0	0	0	0	0	0	0	0	529.261	0	0	0	0	0	0	525.21	0	0	0	0	0	0	0	0	495.828	417.423	0	0	0	0	363.815	517.145	0	0	0	0	0	0	0	0	0	0	0	0	0	0	0	0	0	0	0	0	0
0	0	0	464.006	465.375	0	0	0	0	146.182	535.751	0	0	0	0	0	0	0	0	0	539.903	441.112	0	0	273.213	530.037	445.254	0	0	0	0	0	0	0	0	263.34	542.011	302.035	0	0	0	485.262	494.798	0	0	0	0	0	0	0	320.804	507.664	0	0	0	0	0	0	336.178	499.82	0	0	0	0	0	0	0	0	502.867	530.966	405.316	354.291	477.796	547.878	322.99	0	0	0	0	0	0	0	0	514.848	322.785	0	0	0	0	0	512.224	330.886	0	0	0	0	0	0	0	391.017	519.082	0	0	0	0	382.983	527.344	0	0	0	0	0	0	0	0	0	0	0	0	0	0	0	0	0	0	0	0	0
0	0	0	359.084	502.133	0	0	0	0	0	491.973	387.055	0	0	0	0	0	0	0	0	533.428	414.728	0	0	0	399.162	537.097	0	0	0	0	0	0	0	0	0	540.522	272.531	0	0	0	235.55	540.852	0	0	0	0	0	0	0	0	517.616	0	0	0	0	0	0	0	519.96	0	0	0	0	0	0	0	0	498.902	513.653	244.611	0	225.784	507.966	506.845	0	0	0	0	0	0	0	0	450.619	428.243	0	0	0	0	0	406.423	466.762	0	0	0	0	0	0	0	237.771	531.179	0	0	0	0	0	526.854	285.352	0	0	0	0	0	0	0	0	0	0	0	0	0	0	0	0	0	0	0	0
0	0	0	300.765	513.623	0	0	0	0	0	461.347	433.582	0	0	0	0	0	0	0	0	528.021	423.021	0	0	0	331.804	542.777	0	0	0	0	0	0	0	0	0	538.536	296.097	0	0	0	0	536.671	249.807	0	0	0	0	0	0	0	508.359	189.983	0	0	0	0	0	0	520.182	0	0	0	0	0	0	0	0	490.399	515.054	215.584	0	0	480.288	527.141	0	0	0	0	0	0	0	0	415.743	455.874	0	0	0	0	0	347.877	491.004	0	0	0	0	0	0	0	117.251	534.846	0	0	0	0	0	510.407	362.891	0	0	0	0	0	0	0	0	0	0	0	0	0	0	0	0	0	0	0	0
0	0	0	421.389	472.079	0	0	0	0	0	511.631	316.679	0	0	0	0	0	0	0	0	541.813	357.414	0	0	0	426.392	528.296	0	0	0	0	0	0	0	0	212.16	538.786	112.796	0	0	0	299.61	538.904	0	0	0	0	0	0	0	0	520.563	0	0	0	0	0	0	140.871	512.143	0	0	0	0	0	0	0	0	521.741	490.71	135.91	0	241.464	517.439	489.354	0	0	0	0	0	0	0	0	484.681	368.434	0	0	0	0	0	449.623	426.435	0	0	0	0	0	0	0	343.261	516.448	0	0	0	0	0	534.501	151.921	0	0	0	0	0	0	0	0	0	0	0	0	0	0	0	0	0	0	0	0
0	0	0	528.645	194.036	0	0	0	0	232.149	525.995	0	0	0	0	0	0	0	0	434.909	516.512	0	0	0	0	521.182	421.387	0	0	0	0	0	0	0	0	478.417	470.071	0	0	0	0	478.558	468.907	0	0	0	0	0	0	0	405.106	454.112	0	0	0	0	0	0	462.315	392.926	0	0	0	0	0	0	0	340.717	546.103	380.254	0	0	390.849	546.671	317.945	0	0	0	0	0	0	0	0	527.356	0	0	0	0	0	0	528.453	0	0	0	0	0	0	0	0	512.014	376.329	0	0	0	0	392.044	506.229	0	0	0	0	0	0	0	0	0	0	0	0	0	0	0	0	0	0	0	0	0
0	0	0	477.893	424.733	0	0	0	0	0	532.756	0	0	0	0	0	0	0	0	225.471	543.789	325.589	0	0	0	493.403	488.612	0	0	0	0	0	0	0	0	340.408	531.213	0	0	0	0	422.649	518.22	0	0	0	0	0	0	0	249.877	509.982	0	0	0	0	0	0	335.386	489.006	0	0	0	0	0	0	0	0	533.279	482.901	196.262	0	372.121	542.321	416.893	0	0	0	0	0	0	0	0	516.501	251.897	0	0	0	0	0	501.782	329.109	0	0	0	0	0	0	0	424.466	493.052	0	0	0	0	265.441	534.792	0	0	0	0	0	0	0	0	0	0	0	0	0	0	0	0	0	0	0	0	0
0	0	0	277.691	525.384	0	0	0	0	0	492.554	410.858	0	0	0	0	0	0	0	0	505.345	489.766	0	0	0	444.821	533.325	0	0	0	0	0	0	0	0	0	530.088	409.466	0	0	0	319.036	541.718	70.75	0	0	0	0	0	0	0	515.367	180.601	0	0	0	0	0	0	520.838	88.589	0	0	0	0	0	0	0	437.689	543.185	407.277	242.435	368.002	529.774	490.682	0	0	0	0	0	0	0	0	417.894	472.599	0	0	0	0	0	394.507	486.238	0	0	0	0	0	0	0	0	538.545	213.382	0	0	0	0	529.644	309.706	0	0	0	0	0	0	0	0	0	0	0	0	0	0	0	0	0	0	0	0
0	0	0	417.525	483.805	0	0	0	0	0	521.599	287.444	0	0	0	0	0	0	0	0	538.112	414.294	0	0	0	471.461	513.976	0	0	0	0	0	0	0	0	156.126	541.354	259.805	0	0	0	378.467	533.799	0	0	0	0	0	0	0	0	520.815	0	0	0	0	0	0	172.166	513.851	0	0	0	0	0	0	0	0	505.645	516.769	306.664	84.53	362.302	536.737	456.781	0	0	0	0	0	0	0	0	486.897	382.1	0	0	0	0	0	466.011	418.756	0	0	0	0	0	0	0	327.629	524.522	0	0	0	0	117.844	537.917	0	0	0	0	0	0	0	0	0	0	0	0	0	0	0	0	0	0	0	0	0
0	0	0	495.726	377.927	0	0	0	0	0	532.727	0	0	0	0	0	0	0	0	319.448	538.726	198.709	0	0	0	481.232	492.319	0	0	0	0	0	0	0	0	394.735	515.719	0	0	0	0	405.864	518.787	0	0	0	0	0	0	0	262.623	504.663	0	0	0	0	0	0	368.154	471.847	0	0	0	0	0	0	0	113.605	543.521	438.348	0	0	314.48	536.94	429.637	0	0	0	0	0	0	0	0	522.51	127.134	0	0	0	0	0	506.287	288.627	0	0	0	0	0	0	0	456.052	464.036	0	0	0	0	238.574	533.972	0	0	0	0	0	0	0	0	0	0	0	0	0	0	0	0	0	0	0	0	0
0	0	0	329.657	519.691	0	0	0	0	0	510.502	369.905	0	0	0	0	0	0	0	0	512.128	487.247	0	0	0	475.56	521.173	0	0	0	0	0	0	0	0	0	534.242	401.961	0	0	0	378.449	538.445	0	0	0	0	0	0	0	0	520.603	0	0	0	0	0	0	0	522.029	0	0	0	0	0	0	0	0	447.09	543.26	418.618	294.097	408.924	540.269	463.527	0	0	0	0	0	0	0	0	445.633	455.262	0	0	0	0	0	432.381	466.606	0	0	0	0	0	0	0	136.214	538.528	181.149	0	0	0	64.919	536.584	230.186	0	0	0	0	0	0	0	0	0	0	0	0	0	0	0	0	0	0	0	0
0	0	0	531.453	221.519	0	0	0	0	365.351	510.388	0	0	0	0	0	0	0	0	425.016	528.151	177.099	0	0	300.549	541.869	328.24	0	0	0	0	0	0	0	0	476.511	486.809	0	0	0	0	519.68	410.039	0	0	0	0	0	0	0	452.299	422.884	0	0	0	0	0	0	480.015	381.448	0	0	0	0	0	0	0	305.411	547.604	444.765	205.022	249.264	478.358	540.227	56.344	0	0	0	0	0	0	0	150.744	525.426	0	0	0	0	0	0	529.196	0	0	0	0	0	0	0	0	514.438	397.418	0	0	0	0	464.17	473.031	0	0	0	0	0	0	0	0	0	0	0	0	0	0	0	0	0	0	0	0	0
0	0	0	415.798	469.051	0	0	0	0	0	499.354	348.529	0	0	0	0	0	0	0	0	542.404	316.034	0	0	0	376.99	536.661	0	0	0	0	0	0	0	0	221.847	536.814	0	0	0	0	197.085	540.177	0	0	0	0	0	0	0	0	519.626	0	0	0	0	0	0	44.803	512.801	0	0	0	0	0	0	0	0	528.283	470.872	0	0	0	494.679	510.385	0	0	0	0	0	0	0	0	478.225	370.386	0	0	0	0	0	429.447	439.276	0	0	0	0	0	0	0	341.408	513.011	0	0	0	0	0	528.547	232.078	0	0	0	0	0	0	0	0	0	0	0	0	0	0	0	0	0	0	0	0
0	0	0	531.888	161.447	0	0	0	0	327.674	515.537	0	0	0	0	0	0	0	0	441.861	518.202	0	0	0	200.172	535.898	366.871	0	0	0	0	0	0	0	0	485.716	470.229	0	0	0	0	506.34	432.622	0	0	0	0	0	0	0	440.176	428.759	0	0	0	0	0	0	478.822	371.823	0	0	0	0	0	0	0	343.756	546.997	405.508	0	26.441	444.606	545.287	207.316	0	0	0	0	0	0	0	117.309	524.472	0	0	0	0	0	0	529.278	0	0	0	0	0	0	0	0	518.043	370.624	0	0	0	0	441.15	484.798	0	0	0	0	0	0	0	0	0	0	0	0	0	0	0	0	0	0	0	0	0
0	0	0	392.27	491.992	0	0	0	0	0	508.106	344.506	0	0	0	0	0	0	0	0	536.707	408.264	0	0	0	434.964	528.827	0	0	0	0	0	0	0	0	46.074	541.076	253.464	0	0	0	311.107	539.609	0	0	0	0	0	0	0	0	520.624	0	0	0	0	0	0	0	517.483	0	0	0	0	0	0	0	0	504.768	512.447	262.303	0	292.517	522.6	487.513	0	0	0	0	0	0	0	0	470.742	404.463	0	0	0	0	0	438.231	444.886	0	0	0	0	0	0	0	291.614	527.289	0	0	0	0	0	533.957	203.233	0	0	0	0	0	0	0	0	0	0	0	0	0	0	0	0	0	0	0	0
0	0	0	490.411	403.901	0	0	0	0	0	534.161	0	0	0	0	0	0	0	0	273.859	543.013	301.598	0	0	0	502.491	476.101	0	0	0	0	0	0	0	0	369.98	526.308	0	0	0	0	439.5	510.064	0	0	0	0	0	0	0	292.856	503.546	0	0	0	0	0	0	366.217	478.58	0	0	0	0	0	0	0	0	537.427	474.825	177.632	0	385.637	544.572	396.473	0	0	0	0	0	0	0	0	521.947	192.65	0	0	0	0	0	510.223	290.476	0	0	0	0	0	0	0	443.749	481.818	0	0	0	0	304.01	531.424	0	0	0	0	0	0	0	0	0	0	0	0	0	0	0	0	0	0	0	0	0
0	0	0	196.38	526.757	0	0	0	0	0	438.03	462.565	0	0	0	0	0	0	0	0	510.698	463.671	0	0	0	316.946	543.504	180.399	0	0	0	0	0	0	0	0	530.564	371.563	0	0	0	0	532.842	312.065	0	0	0	0	0	0	0	497.143	289.674	0	0	0	0	0	0	516.089	141.451	0	0	0	0	0	0	0	457.65	531.622	305.055	0	100.822	477.239	532.187	0	0	0	0	0	0	0	0	369.624	484.915	0	0	0	0	0	291.801	507.915	0	0	0	0	0	0	0	0	537.39	124.499	0	0	0	0	498.85	403.707	0	0	0	0	0	0	0	0	0	0	0	0	0	0	0	0	0	0	0	0
0	0	0	468.638	446.431	0	0	0	0	0	533.947	0	0	0	0	0	0	0	0	135.788	543.593	383.518	0	0	0	508.033	477.5	0	0	0	0	0	0	0	0	303.176	537.568	169.744	0	0	0	446.032	512.74	0	0	0	0	0	0	0	268.109	510.737	0	0	0	0	0	0	325.521	495.829	0	0	0	0	0	0	0	0	522.105	507.05	306.458	200.651	418.24	546.661	392.048	0	0	0	0	0	0	0	0	514.013	293.441	0	0	0	0	0	503.501	339.122	0	0	0	0	0	0	0	405.835	506.783	0	0	0	0	309.457	533.62	0	0	0	0	0	0	0	0	0	0	0	0	0	0	0	0	0	0	0	0	0
0	0	0	256.431	521.154	0	0	0	0	0	451.861	447.741	0	0	0	0	0	0	0	0	519.873	446.393	0	0	0	329.681	543.241	107.597	0	0	0	0	0	0	0	0	535.243	339.95	0	0	0	0	535.418	279.201	0	0	0	0	0	0	0	503.739	244.385	0	0	0	0	0	0	518.896	0	0	0	0	0	0	0	0	474.209	524.909	271.565	0	90.35	480.96	528.883	0	0	0	0	0	0	0	0	395.081	471.454	0	0	0	0	0	324.623	499.692	0	0	0	0	0	0	0	0	536.972	0	0	0	0	0	505.966	382.331	0	0	0	0	0	0	0	0	0	0	0	0	0	0	0	0	0	0	0	0
0	0	0	377.791	493.576	0	0	0	0	0	494.002	376.702	0	0	0	0	0	0	0	0	537.455	389.762	0	0	0	391.856	537.068	0	0	0	0	0	0	0	0	0	540.625	218.436	0	0	0	222.626	540.64	0	0	0	0	0	0	0	0	518.421	0	0	0	0	0	0	0	518.524	0	0	0	0	0	0	0	0	509.467	502.72	178.425	0	182.853	503.806	508.215	0	0	0	0	0	0	0	0	459.506	412.983	0	0	0	0	0	413.2	459.348	0	0	0	0	0	0	0	274.53	526.943	0	0	0	0	0	527.252	271.593	0	0	0	0	0	0	0	0	0	0	0	0	0	0	0	0	0	0	0	0
0	0	0	529.515	133.516	0	0	0	0	177.86	527.673	0	0	0	0	0	0	0	0	449.173	506.212	0	0	0	0	510.898	439.102	0	0	0	0	0	0	0	0	486.755	454.225	0	0	0	0	462.263	479.649	0	0	0	0	0	0	0	394.15	456.539	0	0	0	0	0	0	462.807	384.078	0	0	0	0	0	0	0	369.585	543.2	334.864	0	0	346.129	544.391	353.322	0	0	0	0	0	0	0	0	526.561	0	0	0	0	0	0	527.596	0	0	0	0	0	0	0	0	515.723	351.41	0	0	0	0	366.141	511.454	0	0	0	0	0	0	0	0	0	0	0	0	0	0	0	0	0	0	0	0	0
0	0	0	243.993	522.689	0	0	0	0	0	449.258	451.079	0	0	0	0	0	0	0	0	517.677	451.296	0	0	0	328.535	543.335	125.103	0	0	0	0	0	0	0	0	534.21	348.886	0	0	0	0	535.022	286.196	0	0	0	0	0	0	0	502.442	255.61	0	0	0	0	0	0	518.38	0	0	0	0	0	0	0	0	470.064	526.9	282.193	0	101.587	480.85	529.403	0	0	0	0	0	0	0	0	389.598	474.873	0	0	0	0	0	318.245	501.656	0	0	0	0	0	0	0	0	537.228	0	0	0	0	0	504.707	386.987	0	0	0	0	0	0	0	0	0	0	0	0	0	0	0	0	0	0	0	0
0	0	0	524.791	250.781	0	0	0	0	195.726	528.99	0	0	0	0	0	0	0	0	415.198	523.824	0	0	0	0	518.181	432.838	0	0	0	0	0	0	0	0	464.61	483.321	0	0	0	0	472.247	477.745	0	0	0	0	0	0	0	389.557	465.53	0	0	0	0	0	0	449.801	412.491	0	0	0	0	0	0	0	307.085	546.929	400.7	0	0	389.076	546.507	334.531	0	0	0	0	0	0	0	0	528.851	0	0	0	0	0	0	527.123	0	0	0	0	0	0	0	0	503.638	400.618	0	0	0	0	378.663	512.173	0	0	0	0	0	0	0	0	0	0	0	0	0	0	0	0	0	0	0	0	0
0	0	0	533.19	0	0	0	0	0	273.23	518.177	0	0	0	0	0	0	0	0	480.458	484.48	0	0	0	0	521.55	406.115	0	0	0	0	0	0	0	0	508.846	416.942	0	0	0	0	482.427	454.46	0	0	0	0	0	0	0	430.389	423.991	0	0	0	0	0	0	486.391	327.176	0	0	0	0	0	0	0	418.007	536.209	279.221	0	0	366.093	546.017	304.372	0	0	0	0	0	0	0	150.39	518.735	0	0	0	0	0	0	528.378	0	0	0	0	0	0	0	0	528.216	277.386	0	0	0	0	405.351	494.349	0	0	0	0	0	0	0	0	0	0	0	0	0	0	0	0	0	0	0	0	0
0	0	0	423.712	468.367	0	0	0	0	0	509.619	320.308	0	0	0	0	0	0	0	0	542.334	340.564	0	0	0	415.335	530.431	0	0	0	0	0	0	0	0	226.674	537.755	0	0	0	0	279.358	539.393	0	0	0	0	0	0	0	0	520.411	0	0	0	0	0	0	140.558	511.422	0	0	0	0	0	0	0	0	525.133	483.077	0	0	202.068	512.217	494.755	0	0	0	0	0	0	0	0	485.009	363.437	0	0	0	0	0	446.884	426.78	0	0	0	0	0	0	0	348.856	513.924	0	0	0	0	0	533.512	166.217	0	0	0	0	0	0	0	0	0	0	0	0	0	0	0	0	0	0	0	0
0	0	0	526.025	204.739	0	0	0	0	85.306	530.67	0	0	0	0	0	0	0	0	433.327	513.32	0	0	0	0	503.639	454.19	0	0	0	0	0	0	0	0	475.07	466.932	0	0	0	0	449.271	490.72	0	0	0	0	0	0	0	372.419	469.21	0	0	0	0	0	0	449.199	404.563	0	0	0	0	0	0	0	345.545	544.838	351.191	0	0	330.043	542.619	376.176	0	0	0	0	0	0	0	0	528.225	0	0	0	0	0	0	525.409	0	0	0	0	0	0	0	0	508.299	375.656	0	0	0	0	340.953	518.345	0	0	0	0	0	0	0	0	0	0	0	0	0	0	0	0	0	0	0	0	0
0	0	0	532.713	0	0	0	0	0	283.176	514.684	0	0	0	0	0	0	0	0	496.292	464.156	0	0	0	0	520.361	402.786	0	0	0	0	0	0	0	0	518.836	384.261	0	0	0	0	481.9	450.098	0	0	0	0	0	0	0	438.419	409.947	0	0	0	0	0	0	494.264	289.339	0	0	0	0	0	0	0	444.934	527.525	200.923	0	0	347.792	545.468	305.292	0	0	0	0	0	0	0	206.808	512.923	0	0	0	0	0	0	527.352	0	0	0	0	0	0	0	0	532.492	207.224	0	0	0	0	407.496	489.946	0	0	0	0	0	0	0	0	0	0	0	0	0	0	0	0	0	0	0	0	0
0	0	0	412.483	469.662	0	0	0	0	0	495.168	358.061	0	0	0	0	0	0	0	0	542.379	307.769	0	0	0	361.373	538.315	0	0	0	0	0	0	0	0	218.816	536.557	0	0	0	0	155.377	539.955	0	0	0	0	0	0	0	0	519.114	0	0	0	0	0	0	0	513.336	0	0	0	0	0	0	0	0	529.155	466.699	0	0	0	487.545	515.163	0	0	0	0	0	0	0	0	475.472	373.438	0	0	0	0	0	422.5	443.731	0	0	0	0	0	0	0	338.034	512.904	0	0	0	0	0	526.303	251.253	0	0	0	0	0	0	0	0	0	0	0	0	0	0	0	0	0	0	0	0
0	0	0	300.197	520.951	0	0	0	0	0	491.985	405.797	0	0	0	0	0	0	0	0	514.15	474.838	0	0	0	433.779	534.544	0	0	0	0	0	0	0	0	0	534.166	383.395	0	0	0	299.505	541.569	66.29	0	0	0	0	0	0	0	515.92	144.833	0	0	0	0	0	0	521.221	0	0	0	0	0	0	0	0	455.867	538.272	377.197	169.545	339.638	524.844	495.409	0	0	0	0	0	0	0	0	426.247	463.222	0	0	0	0	0	396.658	482.042	0	0	0	0	0	0	0	38.008	538.044	132.718	0	0	0	0	528.778	304.884	0	0	0	0	0	0	0	0	0	0	0	0	0	0	0	0	0	0	0	0
0	0	0	516.642	324.223	0	0	0	0	183.414	531.28	0	0	0	0	0	0	0	0	371.398	535.519	199.927	0	0	0	520.976	435.377	0	0	0	0	0	0	0	0	435.72	505.43	0	0	0	0	474.998	481.652	0	0	0	0	0	0	0	375.989	477.374	0	0	0	0	0	0	430.725	439.127	0	0	0	0	0	0	0	217.287	545.529	444.668	65.678	0	413.135	547.293	331.185	0	0	0	0	0	0	0	0	529.438	0	0	0	0	0	0	525.226	95.868	0	0	0	0	0	0	0	486.755	439.366	0	0	0	0	378.904	515.992	0	0	0	0	0	0	0	0	0	0	0	0	0	0	0	0	0	0	0	0	0
0	0	0	510.04	389.465	0	0	0	0	319.453	526.583	0	0	0	0	0	0	0	0	297.243	544.986	375.85	0	0	332.623	541.491	372.923	0	0	0	0	0	0	0	0	395.876	529.317	110.409	0	0	0	514.462	445.597	0	0	0	0	0	0	0	412.928	471.682	0	0	0	0	0	0	431.365	456.555	0	0	0	0	0	0	0	0	531.742	508.59	365.33	351.529	494.604	541.194	173.699	0	0	0	0	0	0	0	0	530.265	37.73	0	0	0	0	0	529.316	103.41	0	0	0	0	0	0	0	468.248	480.745	0	0	0	0	446.785	499.237	0	0	0	0	0	0	0	0	0	0	0	0	0	0	0	0	0	0	0	0	0
0	0	0	435.592	477.581	0	0	0	0	0	529.771	219.839	0	0	0	0	0	0	0	0	538.761	423.839	0	0	0	497.727	495.203	0	0	0	0	0	0	0	0	201.23	541.617	274.654	0	0	0	425.07	524.205	0	0	0	0	0	0	0	179.261	518.444	0	0	0	0	0	0	246.691	509.861	0	0	0	0	0	0	0	0	504.685	522.108	346.59	228.639	412.452	544.957	420.273	0	0	0	0	0	0	0	0	498.358	362.899	0	0	0	0	0	485.773	392.389	0	0	0	0	0	0	0	352.175	522.692	0	0	0	0	256.618	537.618	0	0	0	0	0	0	0	0	0	0	0	0	0	0	0	0	0	0	0	0	0
0	0	0	486.381	391.582	0	0	0	0	0	528.928	85.978	0	0	0	0	0	0	0	302.336	538.962	180.53	0	0	0	456.177	508.968	0	0	0	0	0	0	0	0	380.062	517.606	0	0	0	0	363.369	528.462	0	0	0	0	0	0	0	187.014	511.296	0	0	0	0	0	0	337.7	480.807	0	0	0	0	0	0	0	71.839	543.246	430.489	0	0	244.416	526.863	459.111	0	0	0	0	0	0	0	0	517.599	189.352	0	0	0	0	0	494.469	328.598	0	0	0	0	0	0	0	443.917	469.866	0	0	0	0	115.086	536.533	0	0	0	0	0	0	0	0	0	0	0	0	0	0	0	0	0	0	0	0	0
0	0	0	531.021	71.215	0	0	0	0	219.902	525.095	0	0	0	0	0	0	0	0	456.458	502.881	0	0	0	0	516.122	427.041	0	0	0	0	0	0	0	0	492.304	447.964	0	0	0	0	471.416	470.993	0	0	0	0	0	0	0	407.269	447.689	0	0	0	0	0	0	470.144	371.517	0	0	0	0	0	0	0	379.867	542.433	330.582	0	0	360.88	545.485	333.944	0	0	0	0	0	0	0	0	525.099	0	0	0	0	0	0	528.437	0	0	0	0	0	0	0	0	519.265	338.475	0	0	0	0	382.911	506.065	0	0	0	0	0	0	0	0	0	0	0	0	0	0	0	0	0	0	0	0	0
0	0	0	525.136	292.517	0	0	0	0	314.221	521.91	0	0	0	0	0	0	0	0	392.336	534.88	231.279	0	0	252.292	537.277	376.209	0	0	0	0	0	0	0	0	453.477	501.628	0	0	0	0	507.137	442.632	0	0	0	0	0	0	0	425.225	451.424	0	0	0	0	0	0	459.173	415.578	0	0	0	0	0	0	0	245.71	545.977	457.418	215.304	223.579	463.51	544.72	210.559	0	0	0	0	0	0	0	0	529.365	0	0	0	0	0	0	529.935	0	0	0	0	0	0	0	0	500.311	427.598	0	0	0	0	438.325	493.755	0	0	0	0	0	0	0	0	0	0	0	0	0	0	0	0	0	0	0	0	0
0	0	0	454.49	465.097	0	0	0	0	0	533.624	120.375	0	0	0	0	0	0	0	0	541.086	416.733	0	0	77.366	510.976	478.284	0	0	0	0	0	0	0	0	254.994	540.884	255.159	0	0	0	449.672	514.165	0	0	0	0	0	0	0	253.574	513.96	0	0	0	0	0	0	299.382	503.319	0	0	0	0	0	0	0	0	510.422	520.303	352.363	262.359	433.92	547.555	389.713	0	0	0	0	0	0	0	0	508.364	332.257	0	0	0	0	0	499.384	361.382	0	0	0	0	0	0	0	380.968	517.152	0	0	0	0	312.899	534.702	0	0	0	0	0	0	0	0	0	0	0	0	0	0	0	0	0	0	0	0	0
0	0	0	515.614	306.245	0	0	0	0	0	533.235	0	0	0	0	0	0	0	0	386.708	529.29	0	0	0	0	499.831	467.048	0	0	0	0	0	0	0	0	442.526	495.202	0	0	0	0	440.015	501.298	0	0	0	0	0	0	0	339.12	486.261	0	0	0	0	0	0	420.196	439.592	0	0	0	0	0	0	0	263.569	546.638	405.748	0	0	342.388	542.357	391.25	0	0	0	0	0	0	0	0	528.521	0	0	0	0	0	0	520.263	159.293	0	0	0	0	0	0	0	488.13	425.275	0	0	0	0	317.109	525.393	0	0	0	0	0	0	0	0	0	0	0	0	0	0	0	0	0	0	0	0	0
0	0	0	514.382	381.753	0	0	0	0	352.525	521.991	0	0	0	0	0	0	0	0	309.514	545.116	381.513	0	0	364.711	544.102	343.523	0	0	0	0	0	0	0	0	405.035	528.618	128.544	0	0	0	522.731	427.331	0	0	0	0	0	0	0	429.689	461.914	0	0	0	0	0	0	443.311	449.233	0	0	0	0	0	0	0	0	531.905	511.523	381.637	376.45	506.181	536.354	39.933	0	0	0	0	0	0	0	0	531.005	0	0	0	0	0	0	530.734	0	0	0	0	0	0	0	0	474.946	477.834	0	0	0	0	463.743	488.958	0	0	0	0	0	0	0	0	0	0	0	0	0	0	0	0	0	0	0	0	0
0	0	0	508.105	386.248	0	0	0	0	277.131	529.751	0	0	0	0	0	0	0	0	301.941	544.31	353.793	0	0	280.597	536.664	399.718	0	0	0	0	0	0	0	0	396.265	527.055	0	0	0	0	503.043	461.933	0	0	0	0	0	0	0	395.478	478.275	0	0	0	0	0	0	422.747	458.78	0	0	0	0	0	0	0	0	534.621	499.242	329.223	305.208	476.211	545.243	245.183	0	0	0	0	0	0	0	0	529.452	47.405	0	0	0	0	0	527.278	149.84	0	0	0	0	0	0	0	466.694	477.452	0	0	0	0	425.243	507.787	0	0	0	0	0	0	0	0	0	0	0	0	0	0	0	0	0	0	0	0	0
0	0	0	519.255	320.71	0	0	0	0	248.157	528.603	0	0	0	0	0	0	0	0	373.491	536.567	231.114	0	0	160.05	529.299	413.449	0	0	0	0	0	0	0	0	438.942	506.634	0	0	0	0	490.288	467.477	0	0	0	0	0	0	0	396.659	469.205	0	0	0	0	0	0	440.735	433.455	0	0	0	0	0	0	0	213.488	545.125	455.329	173.052	143.83	439.071	547.258	288.541	0	0	0	0	0	0	0	0	529.873	0	0	0	0	0	0	527.713	0	0	0	0	0	0	0	0	490.121	439.546	0	0	0	0	406.437	508.376	0	0	0	0	0	0	0	0	0	0	0	0	0	0	0	0	0	0	0	0	0
0	0	0	530.563	195.588	0	0	0	0	311.49	518.773	0	0	0	0	0	0	0	0	433.484	521.211	0	0	0	179.34	534.092	379.115	0	0	0	0	0	0	0	0	479.769	476.029	0	0	0	0	502.236	441.308	0	0	0	0	0	0	0	432.18	437.412	0	0	0	0	0	0	473.131	383.454	0	0	0	0	0	0	0	330.034	547.237	411.158	0	0	439.75	545.996	232.221	0	0	0	0	0	0	0	0	526.098	0	0	0	0	0	0	529.552	0	0	0	0	0	0	0	0	514.517	382.134	0	0	0	0	433.038	490.481	0	0	0	0	0	0	0	0	0	0	0	0	0	0	0	0	0	0	0	0	0
0	0	0	532.284	0	0	0	0	0	297.561	511.991	0	0	0	0	0	0	0	0	500.16	459.179	0	0	0	0	522.521	394.768	0	0	0	0	0	0	0	0	521.405	375.548	0	0	0	0	485.895	443.979	0	0	0	0	0	0	0	444.291	401.902	0	0	0	0	0	0	497.378	274.216	0	0	0	0	0	0	0	450.831	525.521	186.397	0	0	353.807	545.738	292.919	0	0	0	0	0	0	0	229.371	510.329	0	0	0	0	0	0	526.647	0	0	0	0	0	0	0	0	533.572	183.428	0	0	0	0	414.811	485.657	0	0	0	0	0	0	0	0	0	0	0	0	0	0	0	0	0	0	0	0	0
0	0	0	495.912	359.238	0	0	0	0	0	528.543	0	0	0	0	0	0	0	0	347.433	532.4	0	0	0	0	441.409	512.793	0	0	0	0	0	0	0	0	408.648	504.712	0	0	0	0	341.644	529.763	0	0	0	0	0	0	0	186.513	509.254	0	0	0	0	0	0	355.453	470.445	0	0	0	0	0	0	0	211.967	545.818	389.28	0	0	151.442	519.004	469.102	0	0	0	0	0	0	0	0	520.713	87.93	0	0	0	0	0	496.18	309.801	0	0	0	0	0	0	0	460.915	448.699	0	0	0	0	0	536.279	0	0	0	0	0	0	0	0	0	0	0	0	0	0	0	0	0	0	0	0	0
0	0	0	292.271	516.669	0	0	0	0	0	465.973	431.822	0	0	0	0	0	0	0	0	524.215	438.777	0	0	0	354.942	542.307	0	0	0	0	0	0	0	0	0	537.366	324.081	0	0	0	93.18	538.181	235.155	0	0	0	0	0	0	0	509.143	195.105	0	0	0	0	0	0	520.211	0	0	0	0	0	0	0	0	481.471	522.363	267.391	0	152.948	490.726	522.912	0	0	0	0	0	0	0	0	413.765	460.503	0	0	0	0	0	353.546	491.32	0	0	0	0	0	0	0	71.705	536.09	0	0	0	0	0	513.724	357.5	0	0	0	0	0	0	0	0	0	0	0	0	0	0	0	0	0	0	0	0
0	0	0	493.697	410.933	0	0	0	0	132.03	534.478	0	0	0	0	0	0	0	0	256.887	544.404	352.849	0	0	153.528	523.037	446.168	0	0	0	0	0	0	0	0	365.328	530.855	0	0	0	0	475.09	492.127	0	0	0	0	0	0	0	341.711	496.505	0	0	0	0	0	0	384.84	476.498	0	0	0	0	0	0	0	0	531.985	496.726	295.276	231.387	442.157	548.05	338.075	0	0	0	0	0	0	0	0	524.661	193.465	0	0	0	0	0	518.488	259.233	0	0	0	0	0	0	0	444.919	488.563	0	0	0	0	370.974	523.896	0	0	0	0	0	0	0	0	0	0	0	0	0	0	0	0	0	0	0	0	0
0	0	0	481.518	434.699	0	0	0	0	72.922	535.111	0	0	0	0	0	0	0	0	188.873	544.24	385.831	0	0	169.259	521.928	453.847	0	0	0	0	0	0	0	0	329.891	536.352	169.182	0	0	0	471.709	498.068	0	0	0	0	0	0	0	321.497	503.16	0	0	0	0	0	0	360.862	487.73	0	0	0	0	0	0	0	0	523.798	509.346	331.179	264.333	447.07	548.248	348.346	0	0	0	0	0	0	0	0	520.449	257.742	0	0	0	0	0	513.981	299.115	0	0	0	0	0	0	0	424.146	501.743	0	0	0	0	361.542	527.44	0	0	0	0	0	0	0	0	0	0	0	0	0	0	0	0	0	0	0	0	0
0	0	0	483.079	434.206	0	0	0	0	124.56	535.073	0	0	0	0	0	0	0	0	190.527	544.266	390.201	0	0	199.855	524.91	447.753	0	0	0	0	0	0	0	0	331.738	536.573	180.717	0	0	0	477.289	494.344	0	0	0	0	0	0	0	331.029	501.581	0	0	0	0	0	0	366.16	486.692	0	0	0	0	0	0	0	0	523.102	511.375	341.265	281.753	454.469	548.229	336.288	0	0	0	0	0	0	0	0	521.33	254.146	0	0	0	0	0	515.755	291.766	0	0	0	0	0	0	0	425.973	501.858	0	0	0	0	372.189	525.78	0	0	0	0	0	0	0	0	0	0	0	0	0	0	0	0	0	0	0	0	0
0	0	0	526.622	321.308	0	0	0	0	392.765	509.318	0	0	0	0	0	0	0	0	373.399	541.643	335.998	0	0	382.077	545.141	289.201	0	0	0	0	0	0	0	0	445.816	514.853	0	0	0	135.159	530.456	391.832	0	0	0	0	0	0	0	456.807	431.881	0	0	0	0	0	0	471.158	414.637	0	0	0	0	0	0	0	175.644	541.126	495.785	356.633	371.702	511.148	530.136	0	0	0	0	0	0	0	0	107.397	529.387	0	0	0	0	0	62.79	530.25	0	0	0	0	0	0	0	0	499.316	447.625	0	0	0	0	482.91	466.37	0	0	0	0	0	0	0	0	0	0	0	0	0	0	0	0	0	0	0	0	0
0	0	0	524.477	274.683	0	0	0	0	254.707	526.622	0	0	0	0	0	0	0	0	402.95	529.822	130.326	0	0	103.064	527.962	410.967	0	0	0	0	0	0	0	0	458.133	493.094	0	0	0	0	489.015	464.218	0	0	0	0	0	0	0	404.988	460.587	0	0	0	0	0	0	452.696	415.677	0	0	0	0	0	0	0	277.361	547.021	430.198	0	0	426.538	547.212	290.022	0	0	0	0	0	0	0	0	529.197	0	0	0	0	0	0	528.532	0	0	0	0	0	0	0	0	501.202	415.255	0	0	0	0	406.746	505.297	0	0	0	0	0	0	0	0	0	0	0	0	0	0	0	0	0	0	0	0	0
0	0	0	528.317	227.992	0	0	0	0	279.294	523.259	0	0	0	0	0	0	0	0	423.314	523.822	0	0	0	115.5	529.93	399.152	0	0	0	0	0	0	0	0	472.13	481.573	0	0	0	0	493.658	455.157	0	0	0	0	0	0	0	418.064	449.318	0	0	0	0	0	0	464.215	397.496	0	0	0	0	0	0	0	314.56	547.254	413.302	0	0	427.011	546.908	271.585	0	0	0	0	0	0	0	0	527.755	0	0	0	0	0	0	529.301	0	0	0	0	0	0	0	0	509.586	393.884	0	0	0	0	416.921	499.099	0	0	0	0	0	0	0	0	0	0	0	0	0	0	0	0	0	0	0	0	0
0	0	0	533.657	0	0	0	0	0	349.034	505.578	0	0	0	0	0	0	0	0	482.861	489.087	0	0	0	140.883	535.403	350.258	0	0	0	0	0	0	0	0	512.186	420.804	0	0	0	0	507.755	416.817	0	0	0	0	0	0	0	457.51	395.358	0	0	0	0	0	0	496.738	303.173	0	0	0	0	0	0	0	415.979	539.212	324.705	0	0	425.654	545.292	190.88	0	0	0	0	0	0	0	240.319	513.532	0	0	0	0	0	0	526.126	0	0	0	0	0	0	0	0	530.945	275.884	0	0	0	0	448.398	471.26	0	0	0	0	0	0	0	0	0	0	0	0	0	0	0	0	0	0	0	0	0
0	0	0	271.884	517.382	0	0	0	0	0	445.955	448.91	0	0	0	0	0	0	0	0	525.621	426.031	0	0	0	296.123	543.099	152.132	0	0	0	0	0	0	0	0	537.38	304.524	0	0	0	0	532.954	292.364	0	0	0	0	0	0	0	502.907	236.718	0	0	0	0	0	0	519.217	0	0	0	0	0	0	0	0	486.97	515.48	201.773	0	0	466.358	533.195	0	0	0	0	0	0	0	0	399.175	465.313	0	0	0	0	0	317.937	498.832	0	0	0	0	0	0	0	0	535.747	0	0	0	0	0	501.436	387.168	0	0	0	0	0	0	0	0	0	0	0	0	0	0	0	0	0	0	0	0
0	0	0	525.416	303.079	0	0	0	0	341.157	518.739	0	0	0	0	0	0	0	0	385.631	537.423	271.085	0	0	301.619	540.921	353.742	0	0	0	0	0	0	0	0	450.468	506.327	0	0	0	0	515.523	429.052	0	0	0	0	0	0	0	435.324	446.211	0	0	0	0	0	0	462.494	415.961	0	0	0	0	0	0	0	224.385	544.796	471.084	271.31	282.214	480.666	541.674	143.584	0	0	0	0	0	0	0	0	529.462	0	0	0	0	0	0	530.355	0	0	0	0	0	0	0	0	499.608	434.702	0	0	0	0	453.493	486.472	0	0	0	0	0	0	0	0	0	0	0	0	0	0	0	0	0	0	0	0	0
0	0	0	395.858	503.726	0	0	0	0	0	527.205	283.535	0	0	0	0	0	0	0	0	525.698	472.126	0	0	112.106	503.598	497.515	0	0	0	0	0	0	0	0	0	540.352	370.033	0	0	0	432.102	526.925	0	0	0	0	0	0	0	118.461	521.571	0	0	0	0	0	0	148.245	518.535	0	0	0	0	0	0	0	0	471.407	539.749	415.487	323.623	442.176	547.154	418.354	0	0	0	0	0	0	0	0	480.715	415.108	0	0	0	0	0	473.663	425.453	0	0	0	0	0	0	0	277.641	534.737	0	0	0	0	263.026	538.793	0	0	0	0	0	0	0	0	0	0	0	0	0	0	0	0	0	0	0	0	0
0	0	0	473.773	445.977	0	0	0	0	0	535.165	0	0	0	0	0	0	0	0	136.754	543.483	399.753	0	0	166.037	520.279	459.668	0	0	0	0	0	0	0	0	307.742	538.459	210.005	0	0	0	467.945	502.195	0	0	0	0	0	0	0	306.496	506.715	0	0	0	0	0	0	344.891	493.264	0	0	0	0	0	0	0	0	518.997	514.57	344.642	274.072	447.114	548.306	357.37	0	0	0	0	0	0	0	0	517.37	285.474	0	0	0	0	0	510.619	319.51	0	0	0	0	0	0	0	411.314	507.76	0	0	0	0	352.649	529.612	0	0	0	0	0	0	0	0	0	0	0	0	0	0	0	0	0	0	0	0	0
0	0	0	527.795	233.053	0	0	0	0	270.22	524.208	0	0	0	0	0	0	0	0	421.528	524.107	0	0	0	87.901	528.67	403.935	0	0	0	0	0	0	0	0	470.687	482.318	0	0	0	0	491.21	458.409	0	0	0	0	0	0	0	414.448	451.846	0	0	0	0	0	0	462.15	400.149	0	0	0	0	0	0	0	312.157	547.227	412.674	0	0	423.005	547.039	280.763	0	0	0	0	0	0	0	0	528.012	0	0	0	0	0	0	529.125	0	0	0	0	0	0	0	0	508.577	395.668	0	0	0	0	412.452	501.052	0	0	0	0	0	0	0	0	0	0	0	0	0	0	0	0	0	0	0	0	0
0	0	0	222.187	532.128	0	0	0	0	0	493.856	420.942	0	0	0	0	0	0	0	0	483.095	514.143	189.307	0	0	465.279	530.487	0	0	0	0	0	0	0	0	0	518.512	452.762	0	0	0	354.477	541.854	81.746	0	0	0	0	0	0	0	514.065	236.599	0	0	0	0	0	0	518.866	218.901	0	0	0	0	0	0	0	392.534	548.566	456.106	338.157	415.795	538.193	480.244	0	0	0	0	0	0	0	0	399.398	489.421	0	0	0	0	0	390.42	494.253	0	0	0	0	0	0	0	0	536.964	312.582	0	0	0	0	531.393	319.634	0	0	0	0	0	0	0	0	0	0	0	0	0	0	0	0	0	0	0	0
0	0	0	360.039	509.191	0	0	0	0	0	509.719	358.106	0	0	0	0	0	0	0	0	525.308	458.284	0	0	0	459.884	524.473	0	0	0	0	0	0	0	0	0	539.249	350.115	0	0	0	352.765	538.984	0	0	0	0	0	0	0	0	520.759	0	0	0	0	0	0	0	520.788	0	0	0	0	0	0	0	0	476.053	533.278	365.328	188.546	367.198	533.937	473.974	0	0	0	0	0	0	0	0	457.667	434.779	0	0	0	0	0	435.445	457.105	0	0	0	0	0	0	0	221.654	535.356	0	0	0	0	0	535.579	216.334	0	0	0	0	0	0	0	0	0	0	0	0	0	0	0	0	0	0	0	0
0	0	0	392.898	488.434	0	0	0	0	0	502.387	355.599	0	0	0	0	0	0	0	0	538.612	387.43	0	0	0	412.205	533.351	0	0	0	0	0	0	0	0	98.525	540.594	209.142	0	0	0	267.909	540.42	0	0	0	0	0	0	0	0	519.913	0	0	0	0	0	0	0	517.082	0	0	0	0	0	0	0	0	511.587	502.616	195.584	0	230.432	512.393	499.027	0	0	0	0	0	0	0	0	468.983	400.966	0	0	0	0	0	429.198	448.422	0	0	0	0	0	0	0	297.44	524.836	0	0	0	0	0	531.177	231.978	0	0	0	0	0	0	0	0	0	0	0	0	0	0	0	0	0	0	0	0
0	0	0	534.528	181.406	0	0	0	0	426.52	489.01	0	0	0	0	0	0	0	0	437.463	528.63	229.606	0	0	388.243	544.549	212.035	0	0	0	0	0	0	0	0	487.424	484.999	0	0	0	170.969	535.585	344.193	0	0	0	0	0	0	0	480.933	382.578	0	0	0	0	0	0	496.426	351.568	0	0	0	0	0	0	0	318.026	547.897	461.969	295.335	346.158	511.279	524.314	0	0	0	0	0	0	0	0	267.126	519.49	0	0	0	0	0	229.032	523.904	0	0	0	0	0	0	0	0	522.176	388.144	0	0	0	0	498.422	434.599	0	0	0	0	0	0	0	0	0	0	0	0	0	0	0	0	0	0	0	0	0
0	0	0	511.576	359.162	0	0	0	0	218.211	531.339	0	0	0	0	0	0	0	0	337.789	540.975	286.66	0	0	164.629	527.675	424.786	0	0	0	0	0	0	0	0	415.444	517.392	0	0	0	0	485.968	476.305	0	0	0	0	0	0	0	379.716	480.088	0	0	0	0	0	0	423.231	451.107	0	0	0	0	0	0	0	112.853	541.584	473.082	231.558	187.556	441.81	547.584	305.116	0	0	0	0	0	0	0	0	529.272	0	0	0	0	0	0	525.416	143.759	0	0	0	0	0	0	0	475.78	460.213	0	0	0	0	395.955	514.282	0	0	0	0	0	0	0	0	0	0	0	0	0	0	0	0	0	0	0	0	0
0	0	0	502.586	408.132	0	0	0	0	291.327	530.057	0	0	0	0	0	0	0	0	262.849	545.142	389.794	0	0	317.922	539.451	392.228	0	0	0	0	0	0	0	0	375.08	533.148	167.33	0	0	0	508.567	458.636	0	0	0	0	0	0	0	396.253	481.478	0	0	0	0	0	0	415.271	467.702	0	0	0	0	0	0	0	0	527.334	513.342	371.684	348.757	490.035	543.379	220.313	0	0	0	0	0	0	0	0	528.728	156.824	0	0	0	0	0	527.199	183.493	0	0	0	0	0	0	0	455.379	490.235	0	0	0	0	434.014	507.058	0	0	0	0	0	0	0	0	0	0	0	0	0	0	0	0	0	0	0	0	0
0	0	0	433.191	471.782	0	0	0	0	0	523.703	261.696	0	0	0	0	0	0	0	0	541.104	390.39	0	0	0	470.718	512.108	0	0	0	0	0	0	0	0	219.795	540.114	203.087	0	0	0	378.974	532.467	0	0	0	0	0	0	0	0	519.801	0	0	0	0	0	0	217.102	509.824	0	0	0	0	0	0	0	0	515.274	507.017	267.952	0	349.969	535.902	455.095	0	0	0	0	0	0	0	0	494.374	358.746	0	0	0	0	0	472.8	404.618	0	0	0	0	0	0	0	354.629	518.21	0	0	0	0	129.423	537.893	0	0	0	0	0	0	0	0	0	0	0	0	0	0	0	0	0	0	0	0	0
0	0	0	423.768	480.529	0	0	0	0	0	523.584	272.79	0	0	0	0	0	0	0	0	538.898	411.434	0	0	0	476.089	510.884	0	0	0	0	0	0	0	0	178.354	541.237	252.441	0	0	0	387.038	532.246	0	0	0	0	0	0	0	0	520.395	0	0	0	0	0	0	195.785	512.512	0	0	0	0	0	0	0	0	507.506	515.884	306.856	104.251	369.166	538.254	451.058	0	0	0	0	0	0	0	0	490.395	374.62	0	0	0	0	0	470.854	411.96	0	0	0	0	0	0	0	337.333	523.066	0	0	0	0	152.69	538.104	0	0	0	0	0	0	0	0	0	0	0	0	0	0	0	0	0	0	0	0	0
0	0	0	435.12	463.686	0	0	0	0	0	517.998	284.234	0	0	0	0	0	0	0	0	542.611	350.868	0	0	0	443.125	522.379	0	0	0	0	0	0	0	0	246.17	537.733	70.305	0	0	0	331.81	536.649	0	0	0	0	0	0	0	0	520.1	0	0	0	0	0	0	201.724	508.672	0	0	0	0	0	0	0	0	524.419	489.011	148.916	0	275.542	524.262	477.563	0	0	0	0	0	0	0	0	492.895	349.412	0	0	0	0	0	462.969	410.44	0	0	0	0	0	0	0	363.074	512.396	0	0	0	0	0	536.467	0	0	0	0	0	0	0	0	0	0	0	0	0	0	0	0	0	0	0	0	0
0	0	0	475.263	424.778	0	0	0	0	0	531.199	89.233	0	0	0	0	0	0	0	227.061	543.489	310.617	0	0	0	482.907	497.071	0	0	0	0	0	0	0	0	339.062	530.331	0	0	0	0	404.977	522.993	0	0	0	0	0	0	0	220.032	512.036	0	0	0	0	0	0	324.232	490.531	0	0	0	0	0	0	0	0	534.669	476.15	140.851	0	345.485	538.759	432.857	0	0	0	0	0	0	0	0	514.622	257.183	0	0	0	0	0	496.98	340.32	0	0	0	0	0	0	0	421.981	492.153	0	0	0	0	225.575	536.085	0	0	0	0	0	0	0	0	0	0	0	0	0	0	0	0	0	0	0	0	0
0	0	0	332.034	520.245	0	0	0	0	0	513.475	363.344	0	0	0	0	0	0	0	0	510.399	491.594	0	0	0	483.278	517.601	0	0	0	0	0	0	0	0	0	533.67	409.137	0	0	0	392.299	537.178	0	0	0	0	0	0	0	0	521.172	0	0	0	0	0	0	0	522.163	0	0	0	0	0	0	0	0	442.534	544.646	429.29	317.165	422.558	542.726	455.419	0	0	0	0	0	0	0	0	447.951	455.389	0	0	0	0	0	438.054	464.216	0	0	0	0	0	0	0	138.089	538.776	200.044	0	0	0	136.648	537.572	213.559	0	0	0	0	0	0	0	0	0	0	0	0	0	0	0	0	0	0	0	0
0	0	0	495.524	378.719	0	0	0	0	0	532.746	0	0	0	0	0	0	0	0	318.303	538.866	201.835	0	0	0	481.606	492.123	0	0	0	0	0	0	0	0	394.044	516.024	0	0	0	0	406.424	518.697	0	0	0	0	0	0	0	262.854	504.704	0	0	0	0	0	0	367.849	472.098	0	0	0	0	0	0	0	108.999	543.415	439.279	0	0	316.005	537.103	429.196	0	0	0	0	0	0	0	0	522.459	129.803	0	0	0	0	0	506.29	289.056	0	0	0	0	0	0	0	455.662	464.55	0	0	0	0	239.663	533.959	0	0	0	0	0	0	0	0	0	0	0	0	0	0	0	0	0	0	0	0	0
0	0	0	385.737	494.278	0	0	0	0	0	505.076	354.255	0	0	0	0	0	0	0	0	536.048	409.717	0	0	0	428.135	530.852	0	0	0	0	0	0	0	0	0	541.021	257.771	0	0	0	297.556	540.151	0	0	0	0	0	0	0	0	520.237	0	0	0	0	0	0	0	518.168	0	0	0	0	0	0	0	0	503.526	512.741	258.903	0	280.425	519.861	491.908	0	0	0	0	0	0	0	0	466.801	409.805	0	0	0	0	0	432.107	449.838	0	0	0	0	0	0	0	281.36	528.207	0	0	0	0	0	532.773	223.661	0	0	0	0	0	0	0	0	0	0	0	0	0	0	0	0	0	0	0	0
0	0	0	530.754	212.486	0	0	0	0	336.306	515.627	0	0	0	0	0	0	0	0	428.131	525.03	101.625	0	0	243.62	538.132	358.822	0	0	0	0	0	0	0	0	477.253	482.056	0	0	0	0	510.526	428.791	0	0	0	0	0	0	0	440.84	432.128	0	0	0	0	0	0	475.523	384.255	0	0	0	0	0	0	0	316.36	547.578	428.593	108.179	169.196	458.644	544.092	180.071	0	0	0	0	0	0	0	92.722	526.045	0	0	0	0	0	0	529.603	0	0	0	0	0	0	0	0	513.893	391.09	0	0	0	0	447.395	483.618	0	0	0	0	0	0	0	0	0	0	0	0	0	0	0	0	0	0	0	0	0
0	0	0	471.06	407.381	0	0	0	0	0	517.339	243.021	0	0	0	0	0	0	0	281.92	538.476	117.806	0	0	0	399.575	528.581	0	0	0	0	0	0	0	0	360.155	518.705	0	0	0	0	260.979	537.692	0	0	0	0	0	0	0	0	517.597	0	0	0	0	0	0	280.7	491.665	0	0	0	0	0	0	0	16.786	543.474	410.688	0	0	0	500.98	496.753	0	0	0	0	0	0	0	0	507.831	248.863	0	0	0	0	0	470.141	377.334	0	0	0	0	0	0	0	425.712	475.738	0	0	0	0	0	534.854	0	0	0	0	0	0	0	0	0	0	0	0	0	0	0	0	0	0	0	0	0
0	0	0	499.562	347.555	0	0	0	0	0	529.385	0	0	0	0	0	0	0	0	359.256	530.327	0	0	0	0	443.761	510.967	0	0	0	0	0	0	0	0	417.101	500.745	0	0	0	0	346.57	528.571	0	0	0	0	0	0	0	203.868	507.497	0	0	0	0	0	0	364.946	465.887	0	0	0	0	0	0	0	234.732	546.023	380.168	0	0	150.534	519.74	466.566	0	0	0	0	0	0	0	0	522.173	0	0	0	0	0	0	498.966	297.073	0	0	0	0	0	0	0	466.619	441.804	0	0	0	0	52.852	536	0	0	0	0	0	0	0	0	0	0	0	0	0	0	0	0	0	0	0	0	0
0	0	0	521.887	298.274	0	0	0	0	245.068	527.993	0	0	0	0	0	0	0	0	389.334	533.138	181.48	0	0	116.372	527.68	414.943	0	0	0	0	0	0	0	0	449.019	499.664	0	0	0	0	487.898	467.592	0	0	0	0	0	0	0	398.804	465.835	0	0	0	0	0	0	446.083	425.115	0	0	0	0	0	0	0	250.052	546.399	441.278	92.547	46.258	429.566	547.315	294.869	0	0	0	0	0	0	0	0	529.632	0	0	0	0	0	0	527.968	0	0	0	0	0	0	0	0	495.799	427.22	0	0	0	0	403.505	507.781	0	0	0	0	0	0	0	0	0	0	0	0	0	0	0	0	0	0	0	0	0
0	0	0	500.735	356.42	0	0	0	0	0	532.244	0	0	0	0	0	0	0	0	346.89	534.508	79.667	0	0	0	471.38	497.058	0	0	0	0	0	0	0	0	411.666	507.246	0	0	0	0	391.223	520.964	0	0	0	0	0	0	0	257.084	503.576	0	0	0	0	0	0	375.99	465.102	0	0	0	0	0	0	0	196.404	545.543	412.511	0	0	271.462	532.441	440.381	0	0	0	0	0	0	0	0	523.738	0	0	0	0	0	0	506.273	277.165	0	0	0	0	0	0	0	465.67	450.078	0	0	0	0	209.146	534.292	0	0	0	0	0	0	0	0	0	0	0	0	0	0	0	0	0	0	0	0	0
0	0	0	530.581	185.097	0	0	0	0	300.436	519.882	0	0	0	0	0	0	0	0	436.481	519.146	0	0	0	140.894	532.089	386.868	0	0	0	0	0	0	0	0	481.331	472.77	0	0	0	0	498.435	446.079	0	0	0	0	0	0	0	428.672	439.16	0	0	0	0	0	0	472.47	382.292	0	0	0	0	0	0	0	336.99	546.934	402.204	0	0	430.682	546.49	250.281	0	0	0	0	0	0	0	0	526.015	0	0	0	0	0	0	529.462	0	0	0	0	0	0	0	0	515.06	377.123	0	0	0	0	426.659	493.037	0	0	0	0	0	0	0	0	0	0	0	0	0	0	0	0	0	0	0	0	0
0	0	0	418.945	484.311	0	0	0	0	0	523.306	279.004	0	0	0	0	0	0	0	0	537.672	419.783	0	0	0	477.712	510.756	0	0	0	0	0	0	0	0	154.702	541.515	270.437	0	0	0	389.307	532.349	0	0	0	0	0	0	0	0	520.674	0	0	0	0	0	0	183.35	513.686	0	0	0	0	0	0	0	0	503.778	519.31	320.989	141.786	375.828	538.99	450.063	0	0	0	0	0	0	0	0	488.255	381.705	0	0	0	0	0	469.472	415.733	0	0	0	0	0	0	0	328.551	525.05	0	0	0	0	157.878	538.176	0	0	0	0	0	0	0	0	0	0	0	0	0	0	0	0	0	0	0	0	0
0	0	0	388.334	488.836	0	0	0	0	0	497.363	366.68	0	0	0	0	0	0	0	0	538.877	379.807	0	0	0	396.028	536.008	0	0	0	0	0	0	0	0	89.898	540.39	192.841	0	0	0	233.785	540.594	0	0	0	0	0	0	0	0	519.15	0	0	0	0	0	0	0	517.458	0	0	0	0	0	0	0	0	513.301	498.634	155.305	0	183.634	505.203	505.958	0	0	0	0	0	0	0	0	465.284	403.763	0	0	0	0	0	420.494	453.397	0	0	0	0	0	0	0	292.469	524.611	0	0	0	0	0	528.683	255.04	0	0	0	0	0	0	0	0	0	0	0	0	0	0	0	0	0	0	0	0
0	0	0	380.886	509.673	0	0	0	0	0	525.388	303.652	0	0	0	0	0	0	0	0	520.759	481.563	0	0	125.957	502.612	500.529	0	0	0	0	0	0	0	0	0	538.671	387.984	0	0	0	429.395	528.844	0	0	0	0	0	0	0	63.6	522.142	0	0	0	0	0	0	84.742	520.238	0	0	0	0	0	0	0	0	460.833	542.552	427.243	336.429	445.067	547.165	422.709	0	0	0	0	0	0	0	0	473.609	428.091	0	0	0	0	0	467.663	435.674	0	0	0	0	0	0	0	247.923	536.737	111.329	0	0	0	253.87	539.093	0	0	0	0	0	0	0	0	0	0	0	0	0	0	0	0	0	0	0	0	0
0	0	0	442.202	446.907	0	0	0	0	0	508.859	307.467	0	0	0	0	0	0	0	162.553	542.609	262.459	0	0	0	391.555	532.918	0	0	0	0	0	0	0	0	290.844	531.451	0	0	0	0	236.601	539.495	0	0	0	0	0	0	0	0	519.884	0	0	0	0	0	0	193.278	505.581	0	0	0	0	0	0	0	0	536.007	450.975	0	0	0	499.672	503.099	0	0	0	0	0	0	0	0	492.914	327.995	0	0	0	0	0	449.887	414.853	0	0	0	0	0	0	0	381.621	500.17	0	0	0	0	0	532.353	152.564	0	0	0	0	0	0	0	0	0	0	0	0	0	0	0	0	0	0	0	0
0	0	0	509.976	372.996	0	0	0	0	251.19	530.542	0	0	0	0	0	0	0	0	320.761	542.948	323.288	0	0	233.314	532.717	412.088	0	0	0	0	0	0	0	0	406.253	522.508	0	0	0	0	495.26	468.957	0	0	0	0	0	0	0	388.288	478.962	0	0	0	0	0	0	423.266	454.84	0	0	0	0	0	0	0	0	538.461	487.143	287.093	256.551	460.594	546.779	276.036	0	0	0	0	0	0	0	0	529.399	0	0	0	0	0	0	526.443	145.15	0	0	0	0	0	0	0	471.465	469.095	0	0	0	0	411.816	510.945	0	0	0	0	0	0	0	0	0	0	0	0	0	0	0	0	0	0	0	0	0
0	0	0	150.739	532.11	0	0	0	0	0	460.163	455.079	0	0	0	0	0	0	0	0	489.011	500.369	0	0	0	398.887	542.109	0	0	0	0	0	0	0	0	0	519.859	431.755	0	0	0	214.727	539.725	264.7	0	0	0	0	0	0	0	502.04	295.714	0	0	0	0	0	0	514.648	230.652	0	0	0	0	0	0	0	412.179	545.137	407.946	193.16	316.633	512.711	515.581	0	0	0	0	0	0	0	0	365.129	495.405	0	0	0	0	0	324.987	507.732	0	0	0	0	0	0	0	0	536.146	277.352	0	0	0	0	513.924	384.056	0	0	0	0	0	0	0	0	0	0	0	0	0	0	0	0	0	0	0	0
0	0	0	532.82	0	0	0	0	0	311.135	516.115	0	0	0	0	0	0	0	0	458.445	506.995	0	0	0	93.119	531.657	380.696	0	0	0	0	0	0	0	0	495.797	451.871	0	0	0	0	498.835	439.92	0	0	0	0	0	0	0	437.623	425.704	0	0	0	0	0	0	482.371	354.72	0	0	0	0	0	0	0	376.023	544.491	366.652	0	0	420.216	546.424	245.866	0	0	0	0	0	0	0	136.51	522.253	0	0	0	0	0	0	528.884	0	0	0	0	0	0	0	0	522.722	339.015	0	0	0	0	429.845	487.704	0	0	0	0	0	0	0	0	0	0	0	0	0	0	0	0	0	0	0	0	0
0	0	0	500.587	363.93	0	0	0	0	0	533.206	0	0	0	0	0	0	0	0	336.915	536.89	164.788	0	0	0	483.906	488.68	0	0	0	0	0	0	0	0	406.653	511.428	0	0	0	0	411.159	516.246	0	0	0	0	0	0	0	278.641	501.682	0	0	0	0	0	0	379.993	465.791	0	0	0	0	0	0	0	164.007	544.678	429.831	0	0	315.404	537.656	424.481	0	0	0	0	0	0	0	0	524.274	43.403	0	0	0	0	0	509.401	269.038	0	0	0	0	0	0	0	463.862	456.014	0	0	0	0	252.715	532.842	0	0	0	0	0	0	0	0	0	0	0	0	0	0	0	0	0	0	0	0	0
0	0	0	313.232	510.659	0	0	0	0	0	463.61	429.208	0	0	0	0	0	0	0	0	530.438	413.483	0	0	0	330.024	542.643	0	0	0	0	0	0	0	0	0	539.266	277.466	0	0	0	0	536.853	241.525	0	0	0	0	0	0	0	509.516	168.864	0	0	0	0	0	0	520.299	0	0	0	0	0	0	0	0	495.616	510.859	187.812	0	0	478.98	527.007	0	0	0	0	0	0	0	0	421.679	450.219	0	0	0	0	0	353.837	488.114	0	0	0	0	0	0	0	153.813	533.712	0	0	0	0	0	511.337	357.19	0	0	0	0	0	0	0	0	0	0	0	0	0	0	0	0	0	0	0	0
0	0	0	528.276	210.81	0	0	0	0	246.753	525.414	0	0	0	0	0	0	0	0	429.638	519.652	0	0	0	0	524.122	415.252	0	0	0	0	0	0	0	0	475.321	475.085	0	0	0	0	483.395	465.235	0	0	0	0	0	0	0	408.407	453.482	0	0	0	0	0	0	462.021	396.053	0	0	0	0	0	0	0	329.797	546.694	393.495	0	0	403.598	546.989	305.048	0	0	0	0	0	0	0	0	527.642	0	0	0	0	0	0	528.703	0	0	0	0	0	0	0	0	510.598	384.288	0	0	0	0	399.752	504.456	0	0	0	0	0	0	0	0	0	0	0	0	0	0	0	0	0	0	0	0	0
0	0	0	525.255	334.8	0	0	0	0	394.182	509.976	0	0	0	0	0	0	0	0	362.556	542.953	352.126	0	0	389.663	545.312	287.088	0	0	0	0	0	0	0	0	439.312	518.53	0	0	0	160.449	531.278	391.515	0	0	0	0	0	0	0	456.093	434.846	0	0	0	0	0	0	468.634	420.499	0	0	0	0	0	0	0	139.165	539.123	501.762	371.194	383.401	514.314	528.867	0	0	0	0	0	0	0	0	85.725	529.972	0	0	0	0	0	62.924	530.523	0	0	0	0	0	0	0	0	495.884	454.786	0	0	0	0	484.213	466.851	0	0	0	0	0	0	0	0	0	0	0	0	0	0	0	0	0	0	0	0	0
0	0	0	436.47	448.864	0	0	0	0	0	501.958	329.557	0	0	0	0	0	0	0	159.236	542.303	243.281	0	0	0	363.635	536.751	0	0	0	0	0	0	0	0	285.601	530.966	0	0	0	0	170.605	539.85	0	0	0	0	0	0	0	0	519.724	0	0	0	0	0	0	157.517	507.242	0	0	0	0	0	0	0	0	536.996	442.342	0	0	0	486.693	512.772	0	0	0	0	0	0	0	0	488.334	336.099	0	0	0	0	0	438.226	425.059	0	0	0	0	0	0	0	375.705	500.3	0	0	0	0	0	528.951	205.437	0	0	0	0	0	0	0	0	0	0	0	0	0	0	0	0	0	0	0	0
0	0	0	422.372	466.06	0	0	0	0	0	504.47	333.722	0	0	0	0	0	0	0	0	542.579	318.865	0	0	0	393.304	534.22	0	0	0	0	0	0	0	0	234.213	536.59	0	0	0	0	235.18	540.033	0	0	0	0	0	0	0	0	520.086	0	0	0	0	0	0	114.579	511.481	0	0	0	0	0	0	0	0	528.415	472.91	0	0	104.789	501.954	504.243	0	0	0	0	0	0	0	0	482.746	362.706	0	0	0	0	0	438.632	431.848	0	0	0	0	0	0	0	349.853	511.79	0	0	0	0	0	531.027	201.728	0	0	0	0	0	0	0	0	0	0	0	0	0	0	0	0	0	0	0	0
0	0	0	470.517	459.38	0	0	0	0	184.755	535.553	0	0	0	0	0	0	0	0	0	541.018	437.121	0	0	287.332	532.518	436.566	0	0	0	0	0	0	0	0	281.959	541.564	292.554	0	0	0	490.707	489.162	0	0	0	0	0	0	0	336.061	504.528	0	0	0	0	0	0	350.662	496.301	0	0	0	0	0	0	0	0	505.996	529.797	404.716	358.81	482.025	547.211	306.383	0	0	0	0	0	0	0	0	517.749	307.484	0	0	0	0	0	515.542	314.739	0	0	0	0	0	0	0	401.406	516.328	0	0	0	0	394.364	524.577	0	0	0	0	0	0	0	0	0	0	0	0	0	0	0	0	0	0	0	0	0
0	0	0	526.416	295.203	0	0	0	0	346.754	517.425	0	0	0	0	0	0	0	0	390.655	536.665	264.703	0	0	305.468	541.333	348.339	0	0	0	0	0	0	0	0	453.912	504.496	0	0	0	0	516.793	425.348	0	0	0	0	0	0	0	438.553	442.896	0	0	0	0	0	0	465.282	411.911	0	0	0	0	0	0	0	235.054	545.235	469.168	268.488	282.934	481.835	541.145	126.882	0	0	0	0	0	0	0	0	529.112	0	0	0	0	0	0	530.329	0	0	0	0	0	0	0	0	501.705	430.984	0	0	0	0	456.232	484.104	0	0	0	0	0	0	0	0	0	0	0	0	0	0	0	0	0	0	0	0	0
0	0	0	533.081	0	0	0	0	0	265.629	519.288	0	0	0	0	0	0	0	0	478.059	486.52	0	0	0	0	520.527	409.745	0	0	0	0	0	0	0	0	507.171	420.479	0	0	0	0	480.503	457.204	0	0	0	0	0	0	0	427.265	427.419	0	0	0	0	0	0	484.519	333.037	0	0	0	0	0	0	0	414.356	536.928	284.053	0	0	363.635	545.901	309.991	0	0	0	0	0	0	0	132.355	519.681	0	0	0	0	0	0	528.504	0	0	0	0	0	0	0	0	527.342	284.934	0	0	0	0	401.733	496.229	0	0	0	0	0	0	0	0	0	0	0	0	0	0	0	0	0	0	0	0	0
0	0	0	525.133	196.806	0	0	0	0	0	532.029	0	0	0	0	0	0	0	0	436.886	509.031	0	0	0	0	490.16	470.131	0	0	0	0	0	0	0	0	476.136	461.306	0	0	0	0	428.033	501.008	0	0	0	0	0	0	0	352.111	475.624	0	0	0	0	0	0	443.233	407.295	0	0	0	0	0	0	0	355.989	543.268	322.826	0	0	277.763	537.708	404.133	0	0	0	0	0	0	0	0	528.226	0	0	0	0	0	0	523.025	0	0	0	0	0	0	0	0	507.814	368.999	0	0	0	0	303.417	523.554	0	0	0	0	0	0	0	0	0	0	0	0	0	0	0	0	0	0	0	0	0
0	0	0	511.996	365.316	0	0	0	0	257.466	529.885	0	0	0	0	0	0	0	0	330.358	542.322	313.77	0	0	232.731	533.052	409.239	0	0	0	0	0	0	0	0	412.334	520.465	0	0	0	0	496.203	466.785	0	0	0	0	0	0	0	392.217	476.497	0	0	0	0	0	0	427.552	451.078	0	0	0	0	0	0	0	56.79	539.687	483.741	278.335	250.575	460.085	546.66	271.538	0	0	0	0	0	0	0	0	529.697	0	0	0	0	0	0	527.006	121.29	0	0	0	0	0	0	0	475.146	464.919	0	0	0	0	414.127	509.513	0	0	0	0	0	0	0	0	0	0	0	0	0	0	0	0	0	0	0	0	0
0	0	0	470.123	412.914	0	0	0	0	0	519.86	230.976	0	0	0	0	0	0	0	267.881	539.98	177.979	0	0	0	416.132	525.157	0	0	0	0	0	0	0	0	352.979	521.741	0	0	0	0	291.228	536.55	0	0	0	0	0	0	0	0	517.255	0	0	0	0	0	0	283.896	492.485	0	0	0	0	0	0	0	0	542.177	425.93	0	0	88.195	509.228	489.007	0	0	0	0	0	0	0	0	508.214	255.757	0	0	0	0	0	473.952	374.365	0	0	0	0	0	0	0	422.592	480.211	0	0	0	0	0	535.822	0	0	0	0	0	0	0	0	0	0	0	0	0	0	0	0	0	0	0	0	0
